2
-945
1
15085
1
-9645
1
-27016
2
22312
1
-25698
2
-25827
2
24189
3
5809
1
-4081
2
-32355
1
-641
1
-2090
1
3771
3
-653
2
-25579
2
-22319
3
8627
1
7782
2
20659
3
17602
2
-11826
2
-29358
3
32340
1
-2426
3
-11570
3
17110
2
18881
1
-10748
3
-3429
3
-6621
3
10594
3
-14001
1
20639
2
6446
1
-2826
2
11800
1
-15094
3
31253
3
-9722
2
-9082
2
2713
2
-15482
1
10790
3
-16209
3
-21997
1
13128
3
-18127
1
14296
1
-26288
1
13899
3
25063
1
19462
2
25109
3
-12453
2
-11715
1
25309
1
28575
2
14359
2
29180
3
-30594
2
-32684
3
-6582
1
-19292
2
2409
3
-16176
1
2815
1
13112
3
-14989
3
24438
3
-21039
2
27902
3
-3516
1
-6676
2
-16004
1
9652
2
12776
3
-3903
3
-9619
2
-2881
1
1143
1
-18482
3
-22201
3
4048
2
9236
1
-28190
3
13352
0