371
3
9407
2
-11007
2
9602
2
73
3
265
3
-3385
2
28446
1
14658
3
28986
1
1729
1
278
1
-14142
1
1800
2
-29067
3
-28858
2
25858
1
-18361
3
19292
1
-8446
3
-24887
1
29346
2
179
3
19451
1
-10884
1
-7492
3
-26202
1
1070
1
-1941
2
-15024
1
20685
2
-15346
2
-17556
3
4220
2
18728
3
7787
2
21108
3
26503
1
20982
3
32144
3
31365
2
16366
1
-5574
3
30452
1
20240
2
25543
3
-8957
1
-18341
3
-26502
1
-14866
3
20688
3
13480
2
14795
2
-21246
3
-5328
2
-28376
3
-11041
2
-8793
2
5182
2
-31488
2
10123
3
20496
1
28946
3
18989
1
-18569
3
14597
2
13701
3
-6734
1
4936
3
-16680
2
-32053
1
-27253
3
-4336
1
-23327
2
12650
3
-32593
2
-19741
2
1003
1
26789
3
-19838
2
-8147
1
5277
2
17183
3
14224
2
8674
2
-3936
1
-5119
1
3929
1
-20919
3
-18325
1
9603
2
31153
2
-6707
1
-1103
2
-7620
3
-8143
3
-8701
1
-4251
3
322
1
-5296
1
30982
1
-26243
2
-24931
3
28277
3
-22102
2
-5685
1
14212
1
-20117
1
29023
2
-32522
2
-309
2
-24951
3
-28834
2
16086
2
-19265
3
27121
1
6059
1
-12927
2
26350
3
9360
3
-30349
1
-7248
2
-20842
2
16967
1
-20578
2
23503
3
-12980
3
28953
2
17366
2
1923
3
11198
2
22176
2
5630
2
5944
2
-22656
3
-11484
3
31056
1
-32292
3
32661
3
-4806
2
15218
3
30897
2
-18060
2
3149
3
-5706
2
10765
3
19435
3
20024
2
-25665
1
-6329
1
31542
3
6164
2
-15325
3
-30380
3
18781
3
73
3
-28059
3
9046
2
8894
3
-7422
2
12154
3
-5083
2
20325
2
-27710
2
-8166
3
-26271
3
-26426
3
-19710
1
16244
2
11076
1
-6396
1
-16371
1
324
3
16269
2
-23296
2
-12624
1
-27730
2
7650
2
-24940
1
-19280
2
30384
3
-31967
2
8711
3
9742
1
-4363
1
25197
0