2
24423
1
22852
3
-28271
2
-29405
3
8069
1
-2617
1
-21198
1
26677
1
-1288
2
-12524
1
-27112
3
11898
1
6734
2
-384
2
20726
3
-32520
3
11542
2
-25006
2
-14364
3
-20521
3
19910
1
-8970
3
-26143
2
32115
3
-15362
2
26803
1
-12315
3
-22482
2
6411
1
25868
3
15926
1
2957
3
-8095
2
-10946
2
19097
2
-25484
2
6687
3
1484
1
12863
1
1876
3
-24293
1
-21194
2
-32299
1
-14528
2
10519
2
26755
1
7929
2
-20110
1
27880
1
19036
1
16989
3
27932
3
-14577
1
-3453
3
-16921
3
-3599
2
-22835
1
20570
3
-14476
3
-5510
3
-30365
1
18963
2
24469
3
-9879
3
8608
3
-16767
1
-11594
1
-2998
1
18636
3
-11475
1
-9442
1
-28132
2
-19649
3
-9402
3
-27256
2
-9765
1
26922
1
16610
3
-13117
2
20603
1
18534
2
11608
1
3487
1
9495
2
12961
3
28681
1
17295
3
31555
1
-30329
3
-31058
3
22678
3
24224
1
4160
1
-28774
3
32611
3
-26128
2
21207
3
11671
3
-16892
2
24437
3
-7258
1
-15966
1
30042
3
-29678
1
23157
3
7949
1
19891
1
15137
3
-22937
3
4641
1
22125
3
31768
2
18042
2
28341
1
-12637
2
31662
2
14028
1
-22499
2
-5522
2
18647
1
-10498
2
-20840
1
19007
3
16168
2
-31466
1
-24730
2
-17764
2
-27487
1
13078
1
9580
3
-5209
1
-1992
2
-7587
1
10497
2
-3560
1
-22081
2
17570
2
-5060
3
13561
1
-13737
2
-25350
1
3057
2
1579
3
-24795
3
-17040
3
-26270
3
6198
3
31713
3
11580
3
11352
2
18416
2
17316
1
-26827
3
-10773
2
-97
2
-4882
2
-24443
1
8350
2
25731
1
9739
3
-9104
1
-21734
3
-30945
2
-31669
1
14469
3
-11451
3
32519
1
-1120
3
-31392
2
22673
2
-26739
3
-19579
3
4332
1
16727
2
19208
1
8055
1
-6987
2
1409
3
22669
1
-31181
2
-16158
2
-7079
2
-17790
3
-2700
3
-1207
2
22975
1
28748
1
-28544
3
26214
3
17242
1
-13671
2
-15025
3
20589
2
-27164
3
28183
2
19264
2
4143
1
6240
2
16058
2
14846
2
25139
2
-16950
1
30223
2
11400
1
-27259
1
-19409
3
-24463
3
29705
3
-29711
3
-6734
1
13387
2
31044
2
-18625
1
18894
1
26867
3
31243
2
-32544
1
2874
1
-6123
2
13414
1
-17288
3
-5974
2
-31633
3
22820
3
-29390
2
10394
2
-21631
1
29243
3
-9300
1
-16928
2
26183
2
3932
3
9716
3
25784
3
-14433
2
28893
2
13268
2
5500
3
-18299
1
22579
2
-24090
1
-17669
2
-21005
1
-27465
1
29869
2
13254
2
-20070
3
5738
2
30196
3
-13153
3
10839
2
-24062
2
-6075
3
32689
3
-23827
2
26126
2
16002
2
-23722
2
9542
2
-31474
2
13782
3
13727
1
-17027
2
23196
2
7250
1
-3108
1
8818
1
-5566
3
-31150
2
21751
1
14107
1
-29291
2
-11678
3
-4090
3
9161
3
30049
1
-31519
1
-30076
1
-29013
1
3141
3
-28903
3
21669
1
17787
3
-4444
3
12092
2
-2064
1
17003
1
-21449
3
25902
3
-19223
1
-13699
1
-8123
1
6251
3
-30478
2
3512
1
19564
2
-29757
2
24179
3
12082
3
-20178
2
-25111
2
-2949
3
6676
3
-7985
1
-12089
3
24414
2
18564
1
10356
3
-15724
1
20388
3
-22978
3
20965
3
-16302
1
5311
3
-22797
1
24078
2
11255
2
-306
3
-1986
1
-11638
3
6378
3
-31881
1
-20406
1
-2429
1
17437
1
10976
2
27352
3
20575
2
-18741
1
-1913
1
-31094
1
32667
3
-11960
3
-15684
2
-24510
2
-2550
3
-29104
2
27479
2
6539
1
-18943
2
3614
1
12494
2
-21472
3
-19568
2
17291
2
-22030
1
-558
2
30048
1
15609
2
24167
3
5997
2
18986
3
-25389
2
19945
3
28281
3
-31343
1
10954
2
-4070
1
-23398
2
-8595
1
13367
1
24827
1
-1020
2
26267
1
-2827
1
-7749
3
-21175
1
-15984
2
-1220
1
-3323
3
-24762
2
-32006
1
-28519
1
21761
3
19917
1
-28170
2
29349
1
15540
1
-5640
2
3922
3
3350
1
17044
3
-24430
1
20678
2
-16893
1
-28568
2
12291
3
-21031
2
-22469
1
22428
3
-4897
3
8986
1
-9054
1
-6414
2
13285
2
30912
1
-17071
3
-6825
3
5166
1
-28837
2
-32340
1
-4624
1
31552
1
-10397
2
17162
1
24125
3
-19657
1
-18657
2
-32576
1
-4938
3
-28514
3
27786
1
-10433
1
-21252
3
-19304
3
13715
2
20534
3
-5682
2
-22942
1
-15255
2
-2997
3
-10533
2
-4669
2
-7299
2
23916
2
13808
3
29088
3
11925
1
-17738
3
12153
0