1
12038
1
-21019
3
15381
1
17886
1
1671
1
32320
3
-26325
1
-22600
3
19977
1
-29148
3
-965
1
-30019
3
19401
2
-6090
1
6088
2
-10096
1
18003
1
-17635
2
9365
1
-19141
2
-16116
3
-26073
3
13158
1
-27323
1
-3826
3
-16031
1
-5029
1
29940
2
10489
2
-22936
2
-2314
3
19193
2
28365
2
-3618
2
-8948
2
-15355
1
3934
2
-24859
3
21828
3
-17749
2
4870
1
30798
1
-30775
2
8818
3
-17285
3
-14419
2
-24227
3
7766
1
-31998
2
12307
1
-23313
3
-2233
1
-16809
2
-14469
3
29111
2
21844
1
4270
1
7977
2
17686
2
24331
2
-23869
2
27118
3
24797
2
28322
3
-1830
3
-29617
1
-3747
2
9353
3
5484
3
4730
2
20565
2
-30583
3
-22155
2
3737
2
30504
1
-9954
2
-29204
3
-25350
2
-31176
3
6950
1
21423
2
-21724
3
24200
3
1576
3
-753
2
-1674
3
-31491
3
30699
2
5079
3
-23686
1
-8231
2
-11765
2
-16783
2
29292
3
31597
3
28898
1
-12386
2
-22358
2
18621
2
-28332
3
-28349
2
-10161
1
-16058
2
30165
1
7047
2
30132
1
-24991
3
-31052
1
2495
3
10981
3
29719
3
-25229
1
-18128
3
12888
1
1706
1
-10149
3
15950
1
-8434
2
-17016
3
-23059
3
-16099
1
17700
2
16280
1
12332
1
-26028
3
26179
2
27681
3
-6913
1
-24116
3
-12492
3
17232
1
23717
2
-1261
3
7329
2
30137
3
9509
3
9714
1
28734
2
-13601
2
-26537
1
22345
2
20596
1
-12067
2
13416
2
-20192
3
19508
3
-6941
2
1104
3
4160
3
-14199
1
13953
2
-23010
3
-20105
1
-14637
3
21643
1
21851
3
29794
1
13886
3
21728
1
17124
3
-1384
1
27270
2
5813
3
-18196
3
12937
3
3191
1
-25717
2
25831
3
-5357
3
23311
2
-28412
1
22879
1
-3299
1
2238
2
26072
3
-12612
2
11974
2
-23702
1
21377
1
-3720
3
12907
2
26947
2
4577
3
-32473
2
-583
2
-676
1
-26708
2
-16071
2
4573
2
19674
2
14354
1
18005
1
-9979
2
3226
3
2625
1
-17490
1
22513
1
180
3
24996
3
7470
3
-12687
1
-22698
1
-22058
3
10063
1
31653
2
28023
3
19169
3
-24763
2
-16872
3
-6888
3
-24476
1
5614
2
5527
2
-16540
2
-14914
1
28917
3
22906
3
22642
2
31785
3
868
1
5252
3
-3364
3
29269
3
-9194
1
-11795
1
207
1
-12025
3
-29829
3
19424
1
32725
1
-22201
3
4514
3
-6027
2
4716
2
18268
3
-6592
1
-7206
1
-29794
1
-19701
3
-6034
1
-32561
1
21088
1
-15178
1
21077
1
31211
3
25229
3
7477
1
9443
1
-28166
3
-15809
2
-26011
1
20398
2
28814
2
12106
3
19458
1
-10136
2
31997
2
-18946
3
12431
2
-10885
1
-25636
2
31175
3
-24876
2
28005
1
-10188
1
-14825
2
28804
1
-16321
2
29717
1
-13964
2
-10219
2
-14881
1
14664
3
32499
2
-31884
1
27322
2
-5841
0