239
3
14743
2
8674
2
14564
2
-22324
3
19437
1
-13895
2
27369
2
-25599
2
-14582
3
-23827
3
-5272
2
-11532
2
-30917
1
-32109
3
29819
3
1531
2
-7211
2
18588
1
-9285
3
22060
1
-9644
1
27130
1
-882
3
-11220
2
5708
1
-8067
2
-11805
1
12138
3
4917
3
-27229
2
-2195
3
-31737
3
11687
1
-10298
3
29579
1
-25856
1
-23872
3
-855
2
-9848
3
20127
2
5417
2
20560
3
-7489
1
-15512
3
-13004
1
-4498
1
-16188
2
6609
3
30876
3
26294
1
-18417
1
-16553
3
-3463
1
20187
3
14526
3
31117
1
-27089
1
16270
2
-7584
2
27179
1
-24403
3
-9237
2
-20964
2
19386
2
-26901
1
16115
3
-4854
3
-22261
2
-23961
3
-22079
2
30951
3
19110
1
28490
1
-24488
1
-13629
1
-6847
3
-12957
1
29762
3
18335
2
-3434
3
10423
3
-3846
1
31479
3
-20717
2
-30785
1
-11194
2
-15560
2
-7429
1
19430
3
-25054
2
-18944
1
-29709
3
-21949
1
4392
2
18097
3
-21420
1
-9780
1
25444
3
404
1
-4484
3
13576
3
-23918
3
26328
3
7648
3
27495
3
-4424
1
27188
2
31617
1
-20493
2
-31275
3
-14673
2
16497
2
10447
1
26129
2
25255
3
-1553
1
19018
2
-12415
1
3724
0