3
-9071
3
-17696
1
-30099
3
-2157
3
9188
2
25022
2
14875
1
-14616
2
-25024
2
6450
2
-26902
3
-7752
3
27381
3
3540
2
-23483
3
-14742
2
20914
2
31478
1
4
1
17406
1
-10853
2
28882
2
14654
1
-4731
1
24576
3
-25608
2
11926
2
27462
2
-3595
1
25492
2
-13401
3
-20680
3
-12784
1
32534
2
2606
1
22381
3
-22238
3
16232
1
-3520
2
6495
3
20268
3
-7243
1
-31955
2
-6098
3
-21205
2
-9777
1
7707
2
3297
2
10329
3
-2971
1
3461
2
-10883
3
27905
1
25800
2
18791
1
9311
2
-8014
2
32462
1
12471
3
-17877
3
16182
1
6418
3
31839
2
19610
2
30598
3
-16782
1
-22112
1
31498
1
14322
3
1707
3
17181
1
12346
3
-22016
3
12659
2
-19311
1
492
3
11375
3
16313
3
-30019
2
15433
3
18776
2
-3507
1
-19325
2
14636
1
32516
2
14440
1
18832
2
22657
2
9473
3
17621
1
23567
2
17955
1
28079
2
-26680
2
-609
1
-16336
3
-25169
1
-22782
2
-6890
2
-14035
2
-687
3
20744
2
2140
2
23929
3
-12528
1
5519
2
17741
2
-29038
3
14205
2
27415
3
12077
3
31913
2
32014
1
18564
2
14480
3
-32576
3
-29222
3
12578
1
24968
3
-3571
3
-31793
1
-21998
1
7989
2
-6888
1
11141
2
-30604
1
-2085
1
-29050
3
-21781
3
-7137
2
1529
2
-23612
2
4576
2
30054
2
31445
1
21351
1
-9886
2
19146
1
16923
1
7286
3
-9629
1
20012
3
-7237
3
-29408
1
-27205
1
14229
3
-17118
2
1112
3
-25470
2
22539
1
-24629
1
-4524
3
28504
2
-528
1
-22969
3
-4609
3
-16590
3
1390
3
756
2
25021
3
-23217
1
-7672
3
-22713
1
-644
2
-13958
3
-5719
3
-10821
1
26769
3
25125
2
-29999
2
6455
2
-13912
1
-31491
1
-19830
3
-9267
2
-17522
1
-29480
1
-14106
3
-13364
1
-3751
3
-2073
1
25239
2
-6486
3
24950
1
6940
1
-22004
1
28605
2
19878
2
-5196
1
-25136
2
1567
1
9402
3
25028
3
11836
3
-30870
2
19074
2
-13631
3
-26045
1
17294
2
-31721
1
-6739
2
16098
1
-15357
1
-3669
1
10535
3
-2605
1
-29114
3
4441
2
-26372
1
-10101
1
31703
2
4555
1
5909
3
-13790
3
13665
2
18084
2
6468
2
-25800
3
-18080
2
-22365
1
4690
2
-17519
2
-3615
2
-14515
2
-11091
1
-10493
2
24277
2
-9071
1
28244
1
2450
2
27041
1
25054
2
15398
3
-10788
1
-26695
1
15647
1
-25264
1
-9528
2
-20257
3
2515
1
-25148
3
-29529
3
-20688
2
-30638
3
-3541
3
4697
3
20202
3
-22104
3
5547
2
14428
3
-2901
2
-677
1
-7418
2
-25100
1
10429
3
-10956
2
5810
3
26471
1
-9329
2
-22270
1
-11043
2
19933
1
5262
3
32709
3
-2252
3
4071
1
-23757
3
23826
2
29605
2
4945
3
23602
1
-3003
2
12397
1
-29160
3
-16408
2
-8339
1
-17331
3
-23653
3
-25305
1
-26144
2
-28457
3
30907
3
-11606
1
-9691
2
10357
1
-18377
2
8955
1
-31588
1
3997
2
-23977
2
-15581
1
9356
1
31327
3
20265
2
-8535
1
2108
2
12945
1
4771
2
-17023
0