1
-24076
3
22234
2
-18187
2
22130
2
27347
1
11476
2
-32455
2
2330
2
28051
3
-25851
3
26247
3
8829
2
-28770
1
22410
1
30382
1
20196
2
15664
1
-19075
3
-30593
1
-16562
2
30760
2
9150
1
12242
1
31626
2
-25522
1
447
3
-28966
2
22573
2
-26938
1
24273
1
21847
3
15755
2
8061
3
-18405
2
-1112
1
-4107
2
14275
1
-31344
1
14985
2
15616
1
-31779
2
12456
3
-15225
2
-25509
2
-16419
2
-13696
2
-1523
2
14218
3
21611
2
-13123
2
-7478
1
-24482
1
-12958
2
-27587
1
32593
3
-8001
2
-23260
2
-31329
1
-3939
1
-24826
1
-31693
3
21602
2
-22275
1
19980
3
29160
2
-28549
1
19105
2
-4001
2
12716
1
2610
1
7215
2
10581
3
27245
2
25722
1
-17495
3
29621
3
23085
2
-23745
3
-4874
3
-2891
3
-2648
1
-25096
3
3405
2
17479
1
7238
2
-24629
2
1109
2
-31124
2
-26356
1
-3694
3
21545
1
8651
2
-5662
2
-29831
3
-29557
3
-26353
1
10089
2
28597
2
-24287
3
19611
2
-7853
3
24516
3
19240
2
-20785
1
-19794
1
-13255
3
23017
2
29348
3
12850
2
-3625
2
7819
2
-30736
3
22503
3
-23939
1
-22799
1
-15125
1
85
1
-2289
1
-19331
3
-27883
2
-2321
3
6805
3
-24034
2
-24569
2
26960
1
-14648
2
11043
2
-155
2
-21463
1
22920
3
-15368
1
28942
2
-20525
3
77
1
27724
3
27051
2
-21031
3
-20127
1
-27780
2
5733
3
7444
2
-6708
2
20682
3
-25448
3
5265
1
23844
3
23078
2
21910
1
-18705
1
-26953
1
-17297
3
-17584
3
-21721
2
29186
1
-27313
3
-5758
3
-1302
1
-21929
2
27409
2
-32499
3
5003
3
21155
1
-467
3
9138
2
-30454
3
-2498
1
24600
3
15198
2
18470
1
11087
2
18606
1
10577
3
-6388
2
4574
2
6079
3
24434
1
20182
2
-3174
3
23427
3
-20116
1
-9264
1
3078
2
-31754
2
11122
2
-24501
2
-3130
2
24757
1
2675
3
21419
3
25511
1
-24614
3
11280
1
-744
2
-32354
2
8024
2
32649
3
1530
2
-18056
2
3127
1
26321
3
-10615
3
-4345
1
-16773
2
-2119
2
-5069
2
-13979
2
28080
3
-2264
1
-30636
1
-20301
1
-4783
1
-2537
3
19746
1
-19755
1
20446
1
7463
2
-7302
2
25437
3
-7249
2
7913
3
-14205
1
25034
3
23033
3
11934
3
-12647
1
-9766
2
-29335
2
13605
1
-24769
1
26502
2
-30387
1
28877
1
-24263
2
-3677
2
-5085
3
24621
1
-8013
2
29049
2
-25908
1
6694
2
-2063
3
-32362
3
-9905
3
-28440
1
20095
3
2839
2
-2964
1
-6260
1
-19657
1
8632
3
-25971
1
-103
2
24042
2
-16212
2
14165
1
13990
2
-29267
2
23416
1
19953
1
12914
2
15654
2
-22086
1
12481
2
-8496
1
-2114
1
-8774
1
-22352
3
30682
1
-21067
1
-22405
2
20911
2
22647
3
-22149
1
-31562
1
-23773
3
-3221
2
-6678
2
-28929
3
-16691
2
1258
3
10249
3
-15336
3
4447
1
-28489
2
2397
3
-23565
2
12804
0