3
-15731
1
-7454
1
6909
2
6665
2
23290
1
1179
1
10436
2
-29961
2
12152
2
3070
1
10625
1
-11562
2
16358
2
-24732
3
-5192
1
-3766
3
1968
3
8900
2
25251
3
-12926
2
-19987
2
-5900
1
12165
1
2428
1
-23565
1
-12117
1
-15465
2
-3977
1
-12013
3
2454
2
18931
3
17122
3
30970
2
-11178
3
-21498
1
6092
2
-22513
1
5644
2
-17885
2
13396
2
12778
1
29256
1
-8349
2
-23828
2
10084
2
-22739
3
23562
2
9489
2
-29365
1
31862
3
-31573
2
-31803
1
-28411
3
-2103
2
17253
3
-15947
1
25253
1
-23489
3
-2799
2
-8576
1
26248
3
6432
2
-22919
2
29032
3
14351
3
14859
0