616
3
19176
2
-10257
3
-18781
2
2383
1
5437
2
11669
1
-11415
1
-23296
2
-17750
3
26202
1
17856
2
11172
1
8987
3
-15322
2
-11027
1
18172
3
-2000
3
4630
1
14309
1
29891
2
-1490
3
-7135
3
23166
3
-29955
3
-5502
1
23680
2
877
2
-16327
3
3458
2
-15304
2
-30122
2
-29504
3
-19384
3
4036
1
14084
2
17446
1
-23112
2
-3878
3
-16454
1
14759
3
-16342
2
-8471
3
20427
2
27039
3
-15216
2
-25721
3
31150
2
18668
2
11188
1
-19617
1
-30814
3
-17400
1
14297
3
14526
3
28219
3
3300
1
-27463
3
25540
2
-25650
2
6608
3
18086
1
10429
2
32138
3
12928
3
-9122
2
-12181
3
16444
2
19337
2
22505
2
10206
3
-30094
3
11437
3
14770
1
-27540
3
-29269
2
-21741
3
24225
1
23868
1
-6774
3
29284
2
14722
2
-19727
1
-27811
1
10153
3
-11850
3
-32654
2
-16206
2
23437
3
-21494
3
11117
1
-17824
1
-6418
1
-27160
1
31489
2
27479
2
-14123
1
-23029
1
9371
1
15830
2
1937
1
-8071
3
6550
3
4742
1
-26962
3
-10286
1
769
2
-16263
1
2021
1
-28864
1
6974
2
10214
3
11951
1
21431
2
22624
2
13503
3
30436
2
21004
3
7187
3
8173
3
8626
2
2681
1
10317
3
19550
3
79
3
25013
1
-3588
2
27141
1
-15773
2
-14486
1
15025
1
-16880
1
19460
2
22254
3
20501
3
-19552
3
22369
2
6257
1
-18328
3
17344
1
-6743
1
24704
2
31607
3
1310
2
30653
3
16652
2
-2945
2
-9840
1
-5510
2
-2569
1
-11158
1
-31177
3
27186
2
-28496
2
8255
1
30536
1
-20032
3
23053
3
20842
2
17422
2
-32529
2
9066
2
13230
3
31091
2
-18790
1
3782
2
10257
1
13736
2
-23705
1
30196
1
-3863
2
-28476
2
-20692
3
24160
1
13288
1
-23951
1
30439
1
-32285
1
11563
3
-17131
3
-22884
1
-9095
2
-2379
2
-22417
2
19675
1
-30949
3
9777
3
-4964
2
10350
3
5117
2
13205
2
-11012
3
-11693
1
10246
3
12631
3
22713
2
-4872
1
28437
2
22155
3
24548
1
26918
3
-3405
1
-25595
2
18148
3
11413
3
19269
3
-24576
2
24930
3
-27677
3
11739
2
11402
1
3523
1
-26923
1
-25960
1
3584
1
-936
1
30553
1
-17392
1
31496
1
14022
1
-29766
3
13577
2
24518
3
-22355
1
27289
1
-32573
3
-18686
2
643
1
5080
2
-13515
3
-19598
2
-23980
2
-15512
3
29903
3
27370
1
32709
3
17476
2
19919
3
9529
3
-1864
3
-20349
2
-15804
1
2551
3
-12714
2
-14751
3
-9301
3
-13076
3
29642
2
31317
1
14095
1
26288
3
-29610
3
-19950
3
-27330
3
-7452
1
17395
3
-31365
1
2425
2
-18792
3
-25190
1
-541
2
-23673
3
-4863
2
32053
1
22426
1
15388
3
18124
1
21639
1
-11320
1
-12237
1
10626
2
-28754
2
7970
2
20686
1
-5720
3
-20342
2
10967
2
2852
2
19759
1
21914
2
-4720
2
-18441
1
-9041
2
-27010
3
-7565
3
-10409
2
-11649
3
-10172
1
-12420
2
-30157
2
-23713
1
25111
2
23362
1
-20567
3
-8373
2
11808
1
20611
1
-19236
2
2545
1
22351
1
-27430
2
-26884
2
-23900
3
-23894
3
-10835
2
28663
1
20491
3
6957
2
-31262
0