1
-14928
1
-31056
3
-22406
3
-32260
1
24496
1
-27365
3
11240
2
-8975
2
4583
2
-24721
3
21277
1
-372
1
830
1
-30183
2
-17690
3
-27804
3
-31835
1
30434
2
-31167
1
-5685
2
-25207
2
27914
1
27622
3
13589
1
-11853
1
4163
1
-9271
3
29524
1
-29853
2
19297
3
-2668
3
-19020
2
-16445
3
1081
3
-12115
1
-32393
1
17536
3
9650
3
-13451
3
-29344
1
7853
1
7523
1
32368
3
-26915
2
9442
2
20087
2
17421
3
27094
3
8008
3
15326
2
-30999
2
7668
3
2886
1
23936
2
7916
2
-29556
2
7605
3
-30675
3
-6614
1
-20066
3
-26308
3
-4461
1
20616
2
-13948
2
-7303
2
-14242
1
3155
3
25647
3
-26711
1
-14632
3
7210
1
28781
2
-16259
3
-5524
1
19167
3
-3516
3
4876
1
-1556
1
-24147
1
22809
2
20159
1
-27360
1
-17372
3
20754
2
18625
3
-7714
3
-31501
2
-5130
1
29566
2
-31312
1
17580
3
30526
2
12110
2
-30998
1
21509
3
11741
2
-11593
1
23020
2
-11378
1
-8625
2
-6941
3
-22474
1
-107
3
-18668
2
29978
1
-16684
2
16933
3
-7143
1
2358
3
3073
2
30655
3
-30756
3
-3261
1
-30507
1
21914
3
16326
1
8770
2
-9051
2
-2793
1
19487
2
-10281
3
-1903
3
-20205
3
-12762
1
-23735
2
11585
2
-31952
2
-7157
2
16252
1
-3282
1
906
3
18499
1
-25995
3
23828
2
-31592
1
-7474
3
23242
2
-10071
2
19633
2
-19211
1
26682
1
-14046
0