2
20246
2
9345
3
12170
1
28629
1
3281
3
14926
3
-21341
1
17537
2
21857
3
7549
2
-8601
2
-9238
2
26022
1
-6711
1
-24665
2
8756
3
7128
3
-7012
2
-15903
3
29958
1
641
2
27963
2
28641
1
-6139
3
20640
1
3047
3
-14723
1
-6235
1
7408
2
12762
2
21916
2
4229
1
-1089
3
5963
2
18361
1
13307
1
3169
3
23521
3
10372
1
-16827
2
-25913
3
-3145
2
5387
1
-16322
3
23958
2
-1109
1
25040
3
-28462
2
2093
2
26302
2
-7277
3
8687
2
-16181
1
-10217
2
16425
3
14808
2
21550
3
7907
2
32021
2
-32450
2
26341
1
25552
1
-30743
1
14426
1
-29661
2
22326
1
26609
2
8250
1
18881
1
-9054
2
-8769
2
-11616
1
30508
3
25320
1
8270
3
-11419
3
-18784
3
-15691
1
-21341
3
10350
3
10070
1
17621
1
1555
3
-22649
3
-731
2
22425
1
-30489
1
15169
3
11837
3
18827
1
-28582
3
8625
1
24173
3
-2403
3
23532
2
30433
2
7541
2
10933
1
16609
1
-2538
1
-11064
1
-16690
1
-18462
2
9076
2
21185
3
-2686
2
-23499
1
28334
2
28072
1
-28906
3
-29025
3
16708
1
-27174
2
1054
3
-22840
2
-17190
2
2084
3
-12585
3
20108
3
25896
3
-13125
2
-18718
2
-8543
3
11933
3
-2315
1
6709
3
-363
3
14688
1
22694
1
-4512
1
-6204
3
-6605
3
3733
2
-23160
1
-21386
2
-3468
3
13582
1
-13337
3
28335
2
5435
2
-18513
3
25533
1
3424
1
24097
2
-29252
2
16658
2
-19794
2
-323
3
15567
1
18304
1
-30531
1
-13870
3
1130
1
17270
3
22260
1
18132
3
5582
3
8157
2
-27481
2
20484
3
-23775
3
-3313
3
-4446
3
28614
3
9481
3
7804
2
-5576
2
-7598
2
-16362
1
28450
2
-9477
1
-21350
3
-15953
3
-14382
2
6633
3
-25253
2
12257
1
-9772
2
-31585
2
-9829
3
-5852
1
-1977
2
-5379
3
23838
3
8050
2
14270
3
13608
2
-8857
2
20456
1
-5984
2
-1048
1
31496
2
-12456
1
-17462
1
8457
2
-21032
2
32464
3
24505
1
18696
2
9436
3
15568
2
12363
2
19366
3
20959
3
-30824
3
14553
2
2962
1
7446
3
-30719
1
874
1
-12341
2
-10078
2
15199
2
-26273
3
17849
1
25363
3
28583
3
-7595
2
28614
3
24256
1
30688
2
24817
1
4623
1
27721
3
3251
1
-31877
2
17150
2
-18027
2
-26292
1
-28839
2
-90
2
17667
3
26712
2
-2007
1
1275
1
-3579
1
-25012
2
-13186
2
-13113
1
-29192
3
16933
2
-8557
1
-25344
3
28128
1
18929
3
-25056
2
3557
1
-23992
1
29380
2
-29031
3
-18289
1
30616
2
27767
2
27887
2
20663
2
473
2
-9001
3
-1043
1
20967
1
-13274
1
-10183
3
16278
2
-29329
1
9088
2
-22724
1
-15593
2
-14454
2
2869
3
18665
3
-20942
2
4402
2
27040
3
-8282
3
-3552
1
253
3
-23655
2
21988
1
-7866
1
-14967
2
-1926
1
-9027
1
23135
3
-29117
2
-6360
2
14832
3
24848
3
-32460
1
1052
1
-4290
1
4382
3
-12578
2
-5046
1
6374
2
-26232
2
-30522
1
-32313
2
24614
3
18773
2
6066
2
-24790
3
16759
1
-7144
2
-30376
1
18977
3
31338
3
-10506
1
-8677
1
-7874
1
25249
2
2061
2
27563
3
-25390
3
5363
1
-1001
3
-6127
1
-27327
1
3274
2
-19944
2
11369
1
-5138
2
13095
3
-9204
3
-8542
3
-32590
3
-28593
3
6311
3
-4440
2
9323
3
-12388
1
-25873
2
28165
1
7355
1
-19536
1
-17159
3
-11326
3
27827
3
-15335
3
-30163
2
1331
2
-9010
2
1711
3
30557
3
18390
3
-3694
3
-27558
2
-466
2
-27866
3
-9090
3
-1055
2
20896
3
-2481
2
22749
2
12915
2
8519
2
7432
3
11016
2
29835
3
-25267
1
31869
1
7489
1
-14762
3
16258
2
4052
1
9135
3
-32666
3
6940
1
7456
1
16195
1
-31497
1
14745
3
-9857
1
25249
1
22791
3
-3772
1
-14996
3
-9058
1
-22018
2
-16984
1
-17387
2
3147
2
-18068
3
-12077
2
-18542
3
29461
3
24018
2
21734
3
-1565
1
-15078
1
-10529
1
4928
1
-27287
1
-23679
2
8550
3
-20459
1
13411
3
-21180
2
-27736
2
-16622
3
17651
1
-17554
3
826
1
31303
3
30656
2
20159
1
-3443
3
-19826
3
14103
3
26014
3
3337
1
17937
1
-17213
2
-27330
3
8674
1
5740
3
-28022
1
4628
2
-4195
1
-7878
3
-26992
1
19915
1
5286
2
-20369
3
13267
3
31137
1
32360
2
-12616
1
22420
1
-5866
1
27616
2
-13359
3
-2333
1
25212
1
14222
1
-5763
3
21749
1
431
1
17435
3
-30619
1
-21065
3
-11501
1
-519
3
26610
1
254
3
13126
3
4696
3
-24998
1
-20071
1
-9888
1
3977
3
-8993
0