2
21336
1
-26224
3
-16852
3
24891
1
-22351
1
6747
2
-29941
1
-22641
3
-20685
3
-141
2
1046
3
-2278
3
-15079
2
-5491
3
2735
3
27311
1
-10527
2
-4021
2
23913
1
-2503
3
9239
1
10943
2
-25707
1
-30070
2
6168
3
-27096
1
15448
2
21495
3
-10987
2
-11436
1
23893
3
-1919
2
30577
2
30414
2
-20133
1
19241
3
-20561
2
-27051
1
19095
1
-10
1
6843
2
2036
3
-7491
2
-21505
2
-26134
1
-3053
1
26274
2
-1400
1
19272
2
-17655
2
-12796
2
26698
2
4330
3
19401
1
-616
2
5904
2
-2130
1
-16242
2
-23076
3
-21774
3
-3650
1
-12691
2
7314
2
6905
1
16931
1
-7812
3
-22443
2
13366
3
-30563
3
-15136
3
-29901
3
-29232
2
25421
3
11335
1
16692
3
-20815
2
-13328
2
-32352
1
-12332
2
-5204
2
-28169
1
12239
3
12699
3
2991
2
-21403
3
-2193
1
1329
2
-19826
3
-12477
2
12391
3
-8274
3
-22029
1
1796
1
-25268
3
29659
2
-21326
2
21474
2
-15764
2
-7367
3
-20573
2
-29304
3
-26870
2
-23219
1
8697
1
1292
2
-29711
1
-31003
1
-23378
1
-12534
3
21073
1
-32091
1
22561
2
19315
2
-8432
3
-24980
2
-16425
2
-21810
3
18942
1
-28556
2
11695
3
-19016
3
-6915
3
-31911
3
-2904
2
1172
1
24597
3
23797
2
-25934
2
-20430
3
-32548
2
1867
1
8706
3
23243
1
6848
1
-403
1
-26006
3
10106
2
-3371
3
21774
2
1985
1
14764
1
9473
1
19557
1
-2891
3
-28468
2
734
2
27416
3
-27343
2
4659
2
2481
2
24044
1
10090
3
-116
3
11533
0