3
-13758
2
28211
3
-11114
1
-31143
1
-10996
3
60
2
20239
2
-13012
3
2027
3
-5282
1
-25749
3
-12740
3
-12436
3
13420
2
18147
1
-28528
2
-17992
2
-27956
1
16825
2
-17408
2
-11801
2
19367
1
26031
1
1171
2
-6756
1
-5674
3
1435
3
21899
2
-25889
2
-23320
1
-7333
3
4103
3
-722
1
24590
3
31587
1
13689
2
-7607
1
7280
2
-29889
3
30600
2
-4220
2
-21647
3
7881
2
24276
1
18968
1
19463
3
-7893
1
-12026
1
28929
3
-25611
3
-17821
2
-893
3
21291
3
-11067
2
3141
3
18190
3
-16104
1
-15131
3
29755
1
-30081
3
-1895
2
1061
2
-22511
3
-19992
3
1483
1
19693
1
-10884
2
28919
1
28988
2
-16219
3
-21664
2
19287
3
31825
3
-22794
2
18387
1
3164
2
-16842
2
5856
2
7289
3
-3798
1
1938
2
-29235
2
-32284
2
27455
1
19130
2
-8182
2
-4725
2
3722
2
5791
2
-28213
0