3
-13510
1
24727
2
1158
3
19198
2
-13251
3
-9969
1
28406
3
20886
2
13010
3
-29833
2
13269
1
-22676
2
-28230
1
-25386
1
-27939
2
-6725
3
-939
2
22446
2
12588
1
11142
1
-17313
2
-28044
2
18478
2
-32711
1
20470
2
-2946
1
-17060
1
-5224
2
-26157
3
18543
3
31801
2
-4582
2
-8289
3
-4114
3
-23531
1
5729
3
-7813
3
1255
3
-5855
3
-267
3
28447
3
-18105
2
-7580
2
7073
1
14525
3
-7499
2
15329
3
22839
1
-3073
2
6718
1
25655
2
-30066
3
-30959
2
-27700
2
-25576
1
-15431
2
-32654
1
18391
3
-6402
1
-21074
3
-3234
1
-29812
3
15033
1
163
3
23669
2
-21779
3
-24279
0