3
-7366
1
28126
2
-1066
1
3294
2
-2196
3
-25319
1
17602
3
-24378
1
23286
1
5705
3
30173
2
8819
3
20443
1
14328
3
6859
3
3192
3
-2215
3
1645
2
23837
2
-1404
1
-13471
1
-25173
3
23173
3
-10872
1
21989
3
-21893
2
-18822
2
-16646
3
-29451
3
-28594
3
-690
1
14308
1
8428
1
-1368
2
565
2
20020
1
15053
3
-13231
2
-2281
2
-10763
1
17579
2
2145
2
-29702
3
26347
3
-3619
1
6397
3
6199
1
-13352
3
-18950
2
-30452
3
-28310
1
-16235
3
-2909
3
3384
1
12136
1
24434
3
-10149
2
9507
1
-15493
2
-20011
3
4821
2
-4463
1
8884
1
-2237
2
-29649
3
-17506
1
-20069
1
32265
1
-22228
2
31608
1
-29079
3
-7656
1
2206
1
-14655
2
22153
1
-9951
2
-25375
2
25282
2
13923
1
-930
2
-10384
3
19988
1
-8348
1
-28485
1
6814
3
-9720
2
5371
3
-18225
2
30975
1
19108
1
-16243
3
-13750
1
-17036
1
-26411
3
-11253
1
17657
1
-17712
3
7301
3
21427
3
17399
1
17946
3
17292
2
-25862
3
-7600
1
-14636
1
-32753
3
14414
3
3680
2
-4768
3
5349
3
-26361
2
14056
2
10887
1
-9701
3
6273
1
-8437
3
-12578
2
31143
3
4640
3
21520
1
7484
3
29118
2
-17044
2
-2883
3
-20528
3
2561
3
-7398
2
2262
2
5941
1
-25348
1
28605
2
6844
1
-21814
2
11267
1
13548
2
-1407
1
-5525
2
-21245
3
19743
2
-2599
1
15869
1
20956
3
-15812
3
28353
3
12222
2
29192
3
-7115
2
7639
1
-1723
2
-25690
1
-17351
1
23114
1
-4134
1
3067
2
-14391
3
-16020
3
-25481
3
179
1
-20072
2
-1911
3
-27538
3
19703
2
-28023
2
-27529
3
28333
3
12566
3
-22848
2
31178
1
8764
1
5003
3
30561
1
27128
2
3298
3
-11103
1
25489
1
32315
2
-10028
2
-4323
2
-26858
2
19154
1
-11971
3
-24639
1
24974
1
29382
2
25118
3
12769
3
-30608
3
10489
3
19360
2
-26826
3
13674
2
-10334
1
16705
2
-23234
3
-24103
2
3546
2
24476
1
20656
3
23928
2
27110
1
10428
1
26623
2
26060
2
-22132
1
-13305
1
-23041
2
-15171
1
-31718
3
-10943
1
28152
1
11416
2
-9274
1
32245
2
-5041
3
-30215
3
-15547
3
-32216
1
-4300
3
12164
2
30070
1
16092
1
-31251
3
-3391
2
2263
2
386
2
8838
1
-15219
1
-8222
1
31487
1
-16654
2
25021
1
-20703
2
13982
1
382
1
-18094
3
-30961
2
-698
1
-23293
2
-7681
3
19286
3
-21197
2
-1275
1
24259
3
18319
2
-28063
3
-3545
1
16611
3
-10974
3
-3601
3
21341
2
-5054
1
-23300
2
18515
1
22357
3
17115
1
-29988
3
7413
1
-17597
2
31642
1
-6331
3
-757
3
1059
2
4295
3
13095
2
-19086
3
-31575
2
12078
3
20181
1
-29435
3
-20729
1
-21794
1
-13468
1
-1724
2
-32126
3
-26705
1
31471
2
31456
1
-17149
2
17830
2
-17312
3
14655
1
-17811
3
8108
1
-14032
2
4495
1
26099
1
-26880
3
-29707
1
-10553
3
-14586
1
-22975
2
22474
3
12715
3
-9446
2
20662
3
-22125
2
-31382
3
14200
1
-17945
1
1615
3
17007
1
-31194
1
-4935
1
-19164
2
-18733
3
-22336
1
-13571
3
13377
1
-24539
2
-15888
2
9026
3
18003
2
23519
2
-7605
1
-20878
2
14794
3
23369
3
-19776
3
-2252
2
-9937
1
-2370
1
-22097
1
2767
2
2677
2
-5069
2
13516
1
28035
1
29335
2
-16681
3
-20986
2
6797
1
-2505
1
-13077
1
-3064
2
17846
3
23351
3
22953
3
29038
1
4978
1
-25732
2
5171
2
-23865
1
3551
1
10779
3
-18592
3
20219
3
11961
1
-17100
2
30662
1
13055
3
20852
1
-31285
3
-1682
3
2680
1
18194
3
-25314
1
-19113
2
20627
3
18036
1
-29625
2
-5030
3
8151
3
-29122
2
22157
2
-506
2
28180
3
-7430
3
14685
1
-24605
2
8410
2
17133
2
19515
3
32054
2
-26478
1
-6789
1
-23854
3
-12458
3
-9368
3
-25340
2
29108
2
-30255
3
16511
3
29034
3
17998
1
5082
1
-1953
3
14959
3
2156
3
29462
3
30897
2
-10759
2
-9229
2
-3755
1
-1675
1
-26522
2
-20020
1
-16624
1
-24789
2
-2945
2
10093
1
7377
2
3117
3
7352
3
12211
3
-4856
2
13854
2
23449
1
16610
3
-30601
1
17738
1
-27214
3
-25404
0