244
1
18062
2
-3726
3
5621
3
-32742
1
23769
1
-31449
1
-23799
3
-11544
2
-17353
2
-28269
3
4773
3
20167
3
18835
2
-31982
2
-6954
2
-19581
1
13504
1
-9840
2
-3598
1
32158
2
-5244
3
-29883
3
-13899
3
7213
2
-8164
1
21247
1
23692
3
-19977
1
-16890
1
-22650
1
31315
2
-11658
2
24987
2
29737
2
-21621
1
556
1
-1484
3
-30939
2
20894
3
-17217
3
-31349
2
-29771
1
15603
3
-5739
2
17264
3
-17841
2
-2472
3
-31451
3
12867
1
-10426
2
-15379
3
26609
3
17904
3
-24227
3
7228
3
31691
1
-14452
3
22612
2
-17343
2
369
3
10031
1
25684
1
105
1
-27568
3
11374
2
13299
3
-31297
2
-25962
2
3220
3
-5777
3
-11072
2
18172
2
28779
2
-15921
2
25383
1
10177
2
16503
1
-7810
2
-31177
2
-6373
3
-23687
3
21460
3
-21261
1
-32122
3
8095
3
-27564
1
30671
3
-13041
1
9233
2
24056
2
31885
3
-28738
3
13375
1
-5985
1
15586
3
19859
1
1599
3
-14649
1
-9322
2
-32560
3
26274
2
16277
3
-15428
3
-10204
1
-25537
3
-31888
3
17003
1
-6612
2
11147
2
-23119
3
4106
1
-20729
2
-10308
3
-9050
2
21694
1
25518
2
3775
1
11015
1
-1213
3
-21550
1
19518
2
30047
0