881
2
32225
1
-2325
3
-30488
3
30638
1
13224
1
-5561
3
7840
2
-325
2
-14271
3
-26187
1
20797
1
-20791
2
617
3
11042
2
29605
1
31013
3
-24173
1
-11023
3
30748
1
9700
2
-24424
1
30723
1
-2189
1
10685
1
15751
3
-16556
1
14245
2
-29858
1
-29707
1
13677
2
-28719
1
-14612
2
7278
1
-666
2
11572
2
-25839
2
20998
2
-30844
2
-21603
1
4009
3
3197
2
8821
2
19437
1
23791
3
-22119
3
12332
3
-7306
1
-32568
2
-5709
1
26158
2
8345
2
-31960
2
-3266
1
18432
3
17629
2
-4433
1
-617
3
-30230
2
-29594
2
-20948
1
-17928
3
10555
1
-19494
2
-29540
1
29119
1
2429
2
7087
2
-11688
1
-20712
1
23087
3
17165
1
17930
1
14544
3
-351
2
-27661
3
-5877
2
-15551
2
28222
1
14512
1
-6275
3
-28342
1
-18937
3
-17822
2
2164
3
4486
3
-14321
2
347
1
-1970
2
-8084
3
-19658
3
-18118
1
27660
2
27605
1
-7402
1
-21625
1
18271
1
-11791
1
30108
2
5061
1
7372
3
-13459
1
-20415
2
-31449
2
8161
3
18737
2
-3161
3
-20106
1
15802
3
-10368
3
31870
1
-16732
3
10166
3
7018
1
2790
1
12110
2
13599
2
-17516
3
6864
1
15172
2
14059
1
-34
3
-14854
2
20755
3
-3896
1
-10509
2
17987
1
3908
1
-25882
1
9366
2
-5524
3
-21724
3
-16458
1
-26635
2
-25817
2
31566
1
23224
1
30003
3
-26468
1
-27628
2
18209
2
14247
1
-28834
2
10051
3
3902
2
-21992
2
13613
2
-26016
3
30076
2
20095
2
1333
1
-21615
3
2600
3
-28651
1
16975
2
19088
1
6780
2
9632
1
7495
2
5925
3
-19099
3
30020
1
-13493
2
24266
2
2758
2
-116
3
-10787
2
11257
2
-29881
3
-17417
1
-29752
3
-16820
2
-18305
1
-5346
1
5138
1
-30626
3
23998
1
8876
1
6633
3
25709
2
31878
1
-4909
1
-16645
2
-2133
2
23199
1
-22002
3
-18634
3
24314
2
-32501
2
-30460
1
18372
3
-30149
1
-4324
3
31578
1
-12726
3
11204
3
24164
3
-9932
2
-16648
1
-13571
3
-12400
2
28857
2
-1966
2
-8952
2
-2358
3
18323
1
-24614
2
8811
2
-7512
1
12905
3
2665
1
1911
1
-23235
2
7809
3
-2295
1
-3408
2
-20676
2
-12441
1
23311
3
5522
2
-15275
1
12979
2
30813
2
-660
3
3303
1
-12088
1
20288
1
-16522
3
9164
1
-22005
3
-28214
3
-29501
3
-12834
1
30031
2
12876
1
30787
1
12622
3
19095
1
-28876
2
-32068
1
-10598
1
-10113
2
27147
2
25374
2
21676
3
-5898
2
-2190
3
18587
1
-6555
3
23816
3
27012
1
21703
3
11945
2
1939
1
2814
2
-612
1
-12731
3
8979
3
-27372
3
-1549
2
30097
3
14641
1
-15105
1
-25680
2
-17073
3
-30470
3
-8981
1
-32133
1
1014
2
5010
2
-12307
1
24588
3
19053
1
-12176
2
21783
2
9022
2
-19425
3
4615
1
-26510
2
-5212
3
10681
2
-26094
3
-29625
3
-8582
3
17646
1
-22699
3
-11229
1
-12906
3
-14828
3
28315
2
-31889
2
-9938
2
5316
3
-27235
3
15918
2
-32524
2
-20445
1
25069
2
1641
2
14353
3
7531
2
32345
2
-31443
3
-18322
3
-24363
1
17443
1
1723
2
-10498
3
-14410
1
20879
3
-22450
1
17589
3
21015
3
-8020
1
-2753
1
-5721
2
-4091
1
8638
3
20406
1
-16372
1
-31458
2
24156
1
23115
3
9130
1
24414
1
31473
1
-17640
3
-2090
3
18499
3
30820
3
21712
3
1852
2
26172
1
-29245
2
-21065
3
4501
2
18145
2
-1562
2
-26899
3
31521
3
-30740
1
-8615
3
-10495
1
-19872
3
-25569
3
5958
2
5360
1
-12668
1
6421
1
-18344
2
-11878
3
-22220
3
-11756
1
-19813
3
-17093
1
-8526
1
31198
3
21680
3
8878
3
-748
3
15305
1
-26261
2
-22514
2
2823
1
4155
2
15645
3
-17673
1
-5130
3
-12234
2
-6293
3
-22793
1
-9006
1
26666
1
-25003
3
-6149
1
-31923
3
-8418
1
-9655
1
-26
2
-21923
2
21718
2
240
3
-27172
3
9419
2
21595
1
-29553
2
-22697
3
-11914
1
-2258
2
7862
2
-531
1
-28473
2
21131
2
-6127
3
24197
3
32458
1
-14654
3
-9382
2
30779
2
5224
2
-31221
2
13814
2
23837
3
7397
1
14177
3
-1338
1
-25872
2
-3878
3
-23175
1
-4784
3
16096
3
-21995
3
19308
3
-30046
2
-6453
2
-18150
2
-1529
1
-28954
3
-26985
2
28437
3
29159
2
-19428
3
-23704
1
6459
2
7448
3
-21265
1
-31305
1
3200
3
-8135
1
18892
1
-16008
1
25524
1
-13285
2
-2788
1
-4385
2
-17372
3
6660
1
30224
1
-15270
2
1724
2
-26387
0