339
3
-3968
1
-21550
1
-14751
2
8878
2
18043
3
15703
1
15140
3
-1486
3
24587
1
-22158
2
-22789
3
-20293
2
21599
1
-26507
3
-32227
1
5109
2
-8416
1
124
2
-1732
2
-24846
2
5676
2
-28092
2
-19405
2
1828
1
-4695
2
11035
1
22005
1
20014
3
29254
1
-11892
1
-23887
2
20350
2
-24417
2
11575
2
18058
2
31392
3
2935
1
3885
3
22008
1
-29744
3
-257
3
15249
3
10518
1
-7413
2
-32433
1
33
3
-23500
3
-10029
1
-3110
2
-31115
2
10683
1
5478
2
-10706
1
-24292
3
-28291
3
24193
3
-2197
1
-14124
2
25006
3
29716
2
21647
2
29207
2
20011
3
17500
1
10654
3
18566
2
20951
1
-12797
3
1375
3
-6337
1
-24800
3
-14317
1
5901
1
4874
3
5890
3
-4236
3
28860
3
-26186
2
-32361
2
21687
3
-8555
1
-19170
1
-25310
2
2301
3
-28263
3
-11888
3
2321
3
-21790
3
25332
1
-20560
1
7736
2
-28040
2
-23221
1
-3432
1
-3672
1
16563
1
-12103
1
-12158
3
599
2
29278
1
23724
1
21116
2
6985
3
5181
2
-8945
2
16836
1
766
3
-3043
1
-30558
3
-6926
3
-978
1
12370
2
9558
1
7196
2
26471
3
-8875
2
16388
3
-16031
1
-22263
2
-8168
3
18215
3
7245
2
1989
1
10414
1
12386
2
26274
2
-12559
2
-14971
3
20082
1
-2925
1
6015
1
26910
2
17573
1
28271
2
16127
2
10380
1
-12945
3
-13537
1
-31130
2
13658
3
-16457
3
-12956
2
27828
1
2139
3
-21177
1
-1108
3
-14859
2
7446
1
-5229
3
-18447
1
32019
1
-10838
2
-10214
1
12600
1
-19093
1
13173
1
1781
2
-13418
2
843
3
-4001
2
27810
1
-13814
3
17112
3
11257
3
-14154
2
19654
2
-18797
1
-25012
1
-12104
0