588
1
-24072
3
12452
2
3072
1
-14276
3
13350
3
27446
1
-19930
1
21852
2
-6486
1
4360
2
10355
2
-18852
1
31488
1
24712
3
14168
1
-4161
2
25206
2
-28899
2
-15771
3
16858
1
-12072
1
-22114
2
24905
1
-22033
1
-3145
3
-22068
2
21073
1
-27753
3
13924
3
-4342
3
821
3
-24676
2
-15839
1
-11474
2
31989
2
32642
2
3383
1
-13074
3
20037
2
9163
3
12335
2
-18934
1
9349
2
8101
1
2643
3
9651
1
13264
3
-7053
1
14074
2
1622
1
23176
1
-8602
2
-3931
2
19673
3
11876
2
-13745
3
17278
1
11499
1
-30659
1
1160
3
-30035
1
29802
1
3134
1
8053
3
9726
2
-15038
2
1432
2
27026
1
18562
1
24983
2
21655
1
-7969
2
-20480
2
-12551
1
-2664
2
6868
3
-2160
3
15402
3
-29139
3
28133
1
-14145
1
11395
2
3846
2
18937
3
-13752
3
10662
1
8341
2
-24236
1
-10095
1
24451
2
3830
1
-21881
2
-5301
3
-9039
1
8310
3
16630
1
-414
1
-12644
2
-29111
1
26208
2
15686
2
5746
1
5769
3
30567
3
5656
3
-18128
2
-1161
1
4682
2
29330
2
6841
3
-4634
2
-7903
3
4559
3
-25643
1
17177
3
-9454
3
12199
1
-16722
1
-6694
1
25994
3
-5568
2
4133
3
29030
2
5225
1
-22223
2
22555
3
19080
3
-454
3
-1813
3
32003
2
24019
3
25233
1
22723
2
-5105
1
-2185
2
28922
1
-2523
2
-27322
2
17714
1
27474
1
7273
3
-24587
2
29059
2
9446
2
-9394
1
-12067
3
-20087
3
26574
1
-18525
2
-31344
3
13766
2
21131
1
-11155
1
-15227
3
-17915
1
6189
3
-11626
3
-2233
2
-26788
2
-502
1
32706
3
-22858
3
-13344
2
-1788
1
2981
2
-3217
3
-2160
2
-18799
2
16027
3
-19638
1
-30003
3
-1876
2
-22383
1
-31496
2
7854
1
24345
3
-370
3
-17604
1
6422
3
3307
2
430
2
-4576
1
-26921
2
-7352
3
-834
3
-32393
3
16459
2
22520
2
28099
1
-423
1
21462
1
13628
3
-30514
3
11054
2
17550
3
31671
1
-8619
3
-21042
1
-30316
1
-32467
2
-11890
1
8337
3
29929
1
-8210
3
-19934
3
30176
3
-5561
3
-23835
3
-9838
2
-10727
2
-28350
3
21857
1
-14246
2
18546
2
30318
1
-23979
2
3700
3
31679
3
25957
1
25357
1
-15366
1
18775
3
-37
1
13825
3
13224
1
530
2
-31564
1
-6103
2
-3412
1
20967
2
-31095
1
18530
1
29671
1
-3351
1
-27551
3
-7847
2
-5418
2
28603
3
21807
2
10842
3
-18887
2
16575
2
19182
3
13618
3
-25295
2
-4123
2
-32541
3
-6757
3
-29081
2
-22950
1
-10780
3
6262
1
-19131
1
-21446
2
-17388
3
-25041
1
27984
1
-3881
2
15278
1
-8949
2
-20146
3
20615
3
887
3
25048
3
-22782
3
28316
3
14116
3
-25257
2
-3627
2
24939
3
-6194
2
14875
1
-7724
1
-23893
3
-12298
2
27108
3
3742
3
-2281
3
14047
2
-27748
1
25676
3
6273
3
-28691
1
-21368
3
29592
1
-12618
1
-4253
3
23266
2
-22495
3
20151
2
29664
2
-24145
2
28778
1
30262
0