1
-5924
3
-2933
2
13289
1
20499
1
-27624
1
-17499
2
-11697
2
-20761
1
-19984
1
5470
3
-11495
2
-17974
2
22818
3
4993
3
11255
3
-14685
3
-15228
2
32466
1
23533
3
-11002
1
31607
2
-29392
3
-17199
2
-22559
1
-11566
3
-975
1
-23859
3
25476
3
-7564
2
-19025
2
-2436
1
-25478
3
-24842
3
30586
3
15600
3
4343
3
286
1
-1346
1
-25055
2
30773
2
-23153
1
23494
3
-21688
1
-31189
2
-18446
3
-15371
1
-6470
1
-1453
3
-604
3
22387
1
-13061
1
16163
2
28529
3
-20839
1
19093
3
-32247
2
-11522
1
8388
3
-26842
3
10976
3
-10519
1
22198
2
4343
2
-22528
1
13097
2
-7679
2
-20519
2
-24883
3
-28265
3
-13324
2
32238
2
12488
1
-5807
2
29364
2
4730
3
-29262
1
-20296
1
-18647
1
-16564
2
2806
2
-450
3
13181
1
-29557
1
3835
1
-18974
2
7722
2
-11892
3
-23675
1
28369
1
14526
2
-27258
3
3725
2
-10172
3
-32549
2
17700
2
23872
1
8745
3
16550
3
-29741
3
2033
1
12279
2
29640
2
4266
1
18460
3
3843
1
20107
2
12240
2
-14864
2
25081
2
-16968
3
-6558
1
13253
1
32279
2
-6166
1
48
1
-4949
1
-26085
3
15927
3
-20312
2
578
1
-5524
2
-3511
3
3634
1
17051
3
-20058
0