672
2
-29239
1
28681
2
11882
2
15412
2
-2350
3
24967
3
-976
3
-14022
3
18902
3
-26180
2
-8531
3
-26478
1
-22999
3
25733
2
4399
1
-16943
2
-6578
3
4893
3
-24978
2
4691
3
26834
1
-13389
1
-10667
1
7572
3
-22133
2
24420
1
765
2
-10328
2
-31325
3
-7258
3
-27539
2
-15976
3
-31783
1
25472
2
752
1
-31269
1
-4268
3
32322
2
14731
1
-25840
2
-11816
3
20079
1
26634
2
19658
2
29534
1
-31364
3
-1706
2
-18856
3
-10344
1
-8100
3
-20747
2
-6612
3
-2914
3
-13363
2
15713
2
23068
2
24406
2
-30914
3
-14399
2
-20394
1
5349
2
-17146
2
-24372
3
2886
1
8819
3
-17689
1
17213
3
-971
3
-7912
2
-26203
1
2972
2
9899
3
-2445
2
-2454
1
-5149
2
24079
3
-3914
3
22893
1
5315
2
-28101
3
8807
3
-28904
2
11344
1
8808
1
-6770
1
-31334
1
-8546
2
-11759
2
30104
1
-26166
1
-25812
1
13169
1
-28460
2
14173
1
14829
2
-28202
1
-30402
1
12196
1
-25363
1
15844
3
15267
3
-15113
2
21120
3
30257
1
17964
3
8178
2
-14394
1
2391
1
513
3
8487
3
9073
1
-11192
1
-2058
2
11369
2
19823
1
29423
1
-13771
1
-24475
2
-10294
3
21618
1
-5536
1
-26983
1
-187
1
7458
1
-14154
3
25975
3
17061
1
32274
2
-25820
1
20858
1
-7098
3
-19888
2
-16836
1
-31135
3
8630
3
30614
1
22546
2
29760
2
21409
2
-8363
3
-27970
2
26323
3
-32387
3
4051
2
-18615
3
-23729
1
-16190
3
21102
1
-28399
3
-21507
3
-32526
1
22390
2
13001
2
-13979
1
-11958
3
-24123
2
13786
3
-22889
2
-24684
2
-21554
2
-7737
3
21049
1
21044
3
-4758
2
29949
2
8444
1
14252
1
14341
1
-20085
2
-19502
3
-9392
1
-8235
1
2174
3
11433
3
-11267
3
21800
1
-1376
2
-30386
3
7602
2
22317
3
12751
1
8148
3
15254
2
28405
2
-8285
1
11557
1
30904
1
-17092
1
-25997
2
-9879
2
-2644
1
18049
3
-8527
2
-23887
1
-1033
3
-27451
3
29265
2
-9789
3
21398
2
-3275
2
-14326
3
-17428
2
-8084
2
28469
1
31662
3
1164
3
-1185
2
4968
2
9461
3
16810
2
-21947
1
-31634
1
31603
3
-21032
3
-9983
3
9433
2
-28863
2
17005
2
20075
3
-15003
2
-16889
1
-1605
1
-16800
3
-24639
1
11275
1
-27224
3
26329
1
-2814
1
-16273
3
11515
1
-28059
2
-8323
2
15313
3
29732
3
17306
2
-1771
3
-11657
3
-31342
2
-28750
3
-21984
3
-5390
3
2830
2
-429
1
12130
1
-7824
3
-31005
2
16725
1
-32256
3
-31884
3
-17168
3
9498
3
-29778
3
-3341
1
216
1
28886
3
-15291
2
-958
2
14381
3
-6276
2
9184
3
22186
1
-24171
3
32289
1
-23226
1
13658
3
3597
3
-11303
2
31526
2
22022
3
-28945
3
-25872
3
-1924
3
-1394
1
-3195
1
11633
1
-12178
2
-31387
2
19763
1
-22168
2
29347
2
-22905
2
-22767
3
24301
2
15178
1
-18570
3
16051
1
7371
2
23114
1
23812
3
21831
3
-16567
1
-7681
3
-32133
2
14651
1
3228
3
5220
3
-14369
3
-25746
2
21610
3
15042
1
22651
3
25681
2
26797
1
24899
2
28251
3
31563
1
-4740
2
-6084
3
5549
3
9399
3
-28669
2
-8329
1
-13372
3
-24800
3
1022
2
1
3
13655
2
20216
3
-32440
1
29212
3
-21264
1
-16273
2
-10964
2
-18583
1
6633
3
-4817
3
21128
2
30192
3
11033
1
-8666
1
-11180
3
1125
1
-6628
1
10318
2
12528
1
-6457
0