1020
1
10808
1
26130
3
-19967
1
-13900
3
-31463
1
-13474
1
-8496
1
-25233
3
-7371
2
-10025
1
-22887
1
20166
3
26547
1
-18326
1
11694
2
2249
1
-26684
3
20837
3
4229
2
594
3
-4661
2
28130
2
-7016
1
-12898
1
3198
2
1479
1
-13532
1
-26572
3
-5934
1
-3651
3
-31275
1
-4728
3
16069
2
-10606
3
32730
1
4801
3
-14327
1
-26851
2
28354
1
-23338
1
9572
1
11737
3
-19070
3
24556
2
17818
1
-31463
1
-27858
3
11667
1
-24019
2
20432
1
11761
1
16828
3
-9258
2
-8699
2
-23267
2
12105
3
1458
3
26286
3
15626
2
6577
1
-13786
1
-9654
3
-19175
2
20958
2
19648
3
-31458
2
11670
3
-24503
3
7722
2
-20032
2
24076
2
1487
3
21502
2
12317
2
-29913
2
-26732
1
16205
1
-25813
1
-3907
3
-628
3
-13837
3
32001
1
-10814
1
-12272
1
11085
1
20831
1
17266
3
2261
3
-2453
1
31225
2
-5169
1
18573
1
12498
2
-22795
2
22073
2
-13348
3
5212
2
-24205
2
1896
2
-26237
2
12795
3
550
2
30655
1
17041
3
-8739
3
31758
3
6999
1
25451
1
18117
3
-30384
1
-11781
3
-2718
1
-2703
1
-15454
3
23107
1
-17968
3
21553
3
-16805
2
-11898
3
3051
1
4708
1
-17747
1
1264
1
23626
2
-8188
2
-3025
2
16717
1
-7330
3
-8258
1
-31486
2
8312
2
14208
3
9181
3
-9434
2
1575
3
19892
3
-19089
1
-8096
2
-5558
1
-6621
1
-8363
3
-21134
3
12685
3
30806
3
12989
2
6644
3
32215
1
2118
2
22988
1
-8131
3
-21993
1
-3612
2
4119
1
-488
1
15867
1
-30369
3
113
3
-21815
2
-28368
2
-5718
3
27901
3
-32687
3
11039
3
4680
2
-25660
3
23890
1
-12939
3
13052
1
-5525
1
28796
3
26904
2
4293
2
27798
3
-13090
1
-2125
1
17780
3
16032
1
22938
3
-11010
2
438
2
29512
3
-16813
1
-21046
2
29439
2
-21084
2
11127
1
5855
2
-10949
2
-18488
3
-23706
3
-6523
2
15742
2
-14362
1
-18130
2
-16959
2
18519
2
-9758
1
-29940
3
13719
2
21828
2
-22303
3
29783
2
-16495
3
-28857
3
-22826
3
-19702
1
-6661
1
-32175
2
1606
3
-4732
1
-26066
1
20622
2
-10111
2
27453
2
-11136
2
-25241
2
-23840
3
-1313
2
-7518
3
31047
1
16571
1
23558
3
2661
1
3867
1
-4714
2
-11938
2
-25785
1
13715
3
10089
2
19694
3
-12332
2
-26420
1
26371
1
32627
2
13532
3
31421
1
-25078
1
-30786
3
27706
2
21594
2
12298
2
-12650
3
29045
2
-8759
3
10253
3
-1609
3
-19490
1
-31659
1
-24473
1
15990
2
8713
2
15358
2
-7685
3
12756
2
-14998
3
13691
3
-25392
2
-8877
3
30217
3
7692
3
-7414
3
3850
1
-4904
2
15236
2
-25221
1
24180
3
53
1
12643
2
-25917
3
-11289
1
-12293
3
-16154
3
-15653
3
-30402
3
30032
1
-1199
1
-8638
1
2946
2
17902
2
26195
1
12252
1
32434
2
16894
2
2058
1
7579
1
-2942
1
-6894
2
26883
1
-28922
3
29823
3
12761
3
-31128
1
26060
2
32634
2
-3245
1
-6706
2
-13776
3
-4512
1
-6791
3
-26620
2
4411
2
4008
3
12185
1
6785
2
26455
2
-9295
3
-17883
2
24892
1
30157
1
6880
2
-26928
2
-9352
3
-13366
2
-5802
3
16618
3
29010
2
-16252
2
-21281
2
30780
2
12948
1
-12023
1
26803
2
8358
2
9111
3
-31011
2
-27074
1
24637
2
-15789
1
21852
1
-10718
1
-11970
1
7302
3
30860
2
16654
1
-11132
1
5859
2
-17589
2
25935
3
12220
3
24519
1
16282
2
-5987
1
-17618
3
32758
3
6479
3
14332
3
76
2
-14041
1
17389
2
-30742
1
12164
3
6579
2
-12747
1
31699
3
-4656
3
11136
3
-8063
3
-14998
2
21008
1
2397
3
31465
1
-10617
1
-23949
3
-11025
1
-542
2
20627
3
-19129
2
10092
1
-8067
3
-25517
1
-16793
1
3115
3
-13195
2
-12856
1
-10286
2
30709
3
17046
3
22572
3
4892
3
-9639
1
-27353
3
28551
3
-29585
1
-18880
1
11049
2
4540
2
-9669
3
22518
3
22230
3
16852
3
-26626
3
27427
3
5968
1
-16539
2
-1723
3
9288
1
-23364
2
8864
1
-9687
3
2638
2
-1903
3
-9147
1
27352
3
19676
2
-20783
1
-28228
1
24386
3
5418
1
-8185
2
7909
1
19716
1
32760
3
-17051
3
-25938
1
-26485
3
18654
2
14258
2
17160
2
8341
1
8766
1
5910
3
-31244
2
30493
3
10433
1
-15140
1
-9634
3
-21625
1
22174
3
-10302
3
11477
1
28452
3
10736
1
17437
2
31878
2
-8930
1
-16932
2
-20564
2
17969
2
-4621
1
6802
3
-26003
2
13637
1
-15311
3
-8987
2
-31565
3
9989
3
-5459
1
10094
1
14100
2
20936
1
-6771
3
31775
2
22840
3
22135
3
4360
3
-18358
3
-6512
1
-3405
3
-17731
1
23137
1
30917
1
3831
3
19936
1
-2581
1
29141
3
8771
3
29949
3
31231
1
16505
2
-9338
1
4472
2
19327
1
10831
3
538
3
-29001
3
7755
2
14593
2
-7937
1
-9990
3
32273
2
14670
3
-26069
3
3400
3
-14857
3
3568
2
29248
2
-157
3
13855
2
-25069
2
-8290
1
9467
2
17091
1
16675
3
-28070
2
-3365
2
31273
3
-15641
1
28124
1
19985
2
-22223
3
-7602
3
27515
3
-26355
1
-6120
2
15098
1
-16300
3
-15204
1
-854
1
10615
1
13197
0