470
1
-16367
1
-22396
3
20482
1
-5841
2
2867
1
-5685
2
20883
2
-21287
1
18794
1
-6482
1
-21102
3
19352
1
22615
2
21336
1
27009
1
-5994
1
21929
2
-23310
1
28455
3
28796
1
29505
3
28215
2
-27480
2
-4144
3
7954
1
8380
3
5247
3
-28455
2
19472
3
26813
1
20077
1
-25473
1
1226
1
-14252
3
-13776
3
-23929
1
30118
3
-21050
2
-17722
3
-10406
3
23373
1
28546
3
-17491
3
-16645
3
9031
2
-16779
3
4684
1
17200
3
-22689
3
1220
1
6801
3
-689
2
24098
3
20708
1
-26258
3
26362
3
22662
3
7714
3
-25458
1
-8360
2
25737
3
20931
1
28410
1
13846
1
16448
3
-10796
2
-14583
3
-11627
1
20677
3
-22947
1
22461
2
27321
1
-9809
3
12704
1
-32428
1
-15625
1
-32654
3
-21951
1
9759
2
-346
2
-11610
3
32614
1
23150
1
-8957
3
-18305
2
3434
1
-12123
1
-3530
1
-31245
3
-10754
3
30329
3
21138
3
-13861
3
19705
3
25401
3
347
3
-11436
3
9
3
-2747
3
-32034
1
-24612
1
20095
1
-11666
1
-7122
3
-14872
2
778
3
-28679
3
-28477
2
-16558
3
-28158
1
-11949
3
-30448
1
28825
1
28204
2
21452
3
30701
3
13036
3
-21845
1
15999
3
-28847
1
-11818
1
4267
2
4316
1
-90
2
-19412
3
13893
1
-26364
1
20844
3
23600
2
7568
2
2430
1
-5653
3
-834
3
-10319
1
19653
3
-30227
2
7537
1
21455
2
27063
1
13048
3
15479
1
-11106
2
4876
1
-28904
2
15440
3
22085
2
-6274
1
-16041
1
13586
3
-25557
1
7522
2
11998
3
-11297
3
-30255
1
-19449
3
-3091
1
24588
3
-16710
2
24053
2
-28721
2
-5709
2
-12963
3
10057
2
28536
2
26257
2
-9770
1
18258
2
-29519
2
-9721
2
-4661
1
-28753
2
20860
2
-11354
2
-23660
1
30353
3
-16426
2
-20489
3
10527
1
30328
3
-6825
2
6342
2
30313
3
-4009
1
20021
3
6258
3
24582
1
4527
3
-11253
1
-4948
2
-18832
1
-25637
2
17382
2
1650
1
-28279
1
19103
1
-29384
3
11078
2
-4918
2
-20038
3
1443
2
-5697
3
1403
1
-24065
3
-26604
2
28106
1
26270
1
-31782
1
-27480
1
28096
1
-10932
3
-13780
2
606
3
-12863
3
4861
1
30494
2
15141
2
-9960
2
-12423
1
3509
3
-16741
3
-23301
2
4044
1
4859
1
-8380
3
16545
2
6151
2
28898
1
-7330
1
19722
2
20390
3
11775
1
-4736
3
16433
1
-3854
2
-139
0