1
-18640
1
9637
2
-17693
2
15896
2
29441
1
14611
3
1155
3
239
1
26691
2
18028
3
16551
3
-22301
3
22017
3
-23094
1
-23383
1
13943
1
-19966
2
4331
1
-19791
1
-20258
3
12761
1
-18938
1
679
3
-311
2
-21234
1
9133
1
17141
1
-9224
3
-13881
1
29552
2
-1613
3
-8453
3
29899
2
-28618
1
-16637
3
-23180
1
11
3
26379
2
1006
1
-25043
2
15115
3
-1173
1
16963
2
-10559
2
-3630
3
30888
1
14274
2
21494
3
-20964
1
1420
1
-9556
1
-7105
3
23081
2
-529
3
26706
1
-22373
3
6321
3
-13925
2
-31847
2
-24190
2
-29046
1
17781
1
6864
2
20561
2
22270
1
-9818
2
8691
2
-14856
3
23292
3
16650
1
6285
2
-15484
3
-27362
3
25837
1
-5993
2
12833
3
21722
1
-32741
1
-19785
1
-233
1
-25419
2
-12855
1
10513
1
-29089
3
-17306
1
6822
2
29083
2
967
3
6025
1
15678
2
26855
1
-3543
1
10540
2
18324
2
-10620
3
2538
1
21465
1
-13642
2
10824
1
-24971
1
-22773
1
-3770
1
-23033
3
27824
3
5159
2
-26752
2
27022
3
105
2
1354
1
14372
1
-6555
1
-24718
1
-32600
2
-1362
3
-26316
2
-24151
1
26326
2
-17792
2
-14666
2
17431
1
-19635
1
-5986
3
17771
3
18538
2
18939
1
3669
1
4953
1
9872
3
16732
2
-906
2
-7884
2
15014
2
12189
1
-4173
1
4376
2
-27157
3
-231
1
-4992
1
-10160
2
30551
2
-29406
2
21767
1
14912
2
-5857
1
7907
3
-515
3
-17462
3
-1965
1
23382
2
-18550
3
26315
2
-31232
2
15013
3
-16257
3
-7976
1
-30193
3
-29805
2
32632
1
15283
2
-4395
2
13320
2
-9307
1
-6967
2
-2833
2
7842
3
8876
3
19205
1
-11058
3
18283
3
-13157
1
28767
2
14321
1
9611
3
7313
1
-8834
1
-7103
2
17998
3
-2922
3
29614
1
12759
1
-901
3
2116
1
-6105
1
-13239
2
6830
1
21894
1
25972
1
12102
2
-26152
2
7448
1
29758
1
-14119
1
-7703
2
31007
3
-30124
1
-16515
3
1673
1
-9470
1
18458
3
28233
2
-9491
2
11518
3
26671
3
-2150
1
11300
2
13
3
20228
2
20771
2
15715
1
-3782
3
-29111
1
-22308
3
-2929
2
-27586
2
16772
3
1095
1
-19358
1
2555
1
-22255
1
20413
2
-6513
1
25275
2
32433
3
-2038
3
-649
1
-7668
1
22159
3
8222
2
17824
3
5984
3
-24024
2
18467
2
-1217
1
2130
3
11117
3
-18696
1
19745
1
20852
3
7918
2
22383
3
8693
3
4659
2
16909
3
-28004
2
-20025
2
-3842
3
-10002
2
-20790
3
3973
2
-22789
2
-21797
2
-4131
2
-11992
1
14952
2
-17599
3
8533
1
-12383
1
-6529
2
30080
3
-14943
1
2449
2
-1636
3
-4632
3
-32308
1
17801
0