2
-9603
2
-5758
2
24979
1
32529
2
1940
1
25
1
-29314
3
14370
1
26668
2
25928
3
12695
1
-28705
1
27296
2
27529
2
10255
2
29895
3
-16363
1
-848
3
-24456
2
-8615
1
17759
1
31674
1
-23730
3
-19978
2
-14646
2
-19780
3
29350
1
-1473
2
-18698
3
3465
1
-25437
1
-7750
1
20458
1
-9149
3
-22500
1
30365
3
20825
1
-18993
2
19701
1
20185
1
4339
2
-1942
3
-7827
3
1940
3
-9816
2
-4338
2
20318
1
11440
1
-23224
2
17699
3
-10708
1
-13265
1
-14084
3
-26045
3
14886
2
-7705
2
17819
2
30398
2
10659
3
-19914
2
27971
3
31847
3
31243
2
9336
2
-27098
2
14107
1
-13292
1
-16674
3
21959
2
-23944
2
7021
3
28928
3
-27605
3
-15772
2
4743
1
810
3
11208
1
-7090
2
-2057
2
-8889
2
26596
3
2645
2
16820
3
-15840
1
13990
1
5983
3
-25953
2
-24571
1
6157
1
-15778
3
-13625
1
-20352
1
-23460
1
-16377
1
8172
2
-24619
3
-25134
1
12636
3
-32434
2
-15110
1
17450
3
-728
3
1127
2
-15390
1
11774
1
11699
1
17420
3
-8516
1
-14880
2
32732
3
-20994
1
-8614
1
-11373
2
-5899
2
-824
2
30650
3
-26412
1
28999
0