252
2
-5478
1
-16898
3
-14250
1
-6815
2
7050
1
31233
1
-153
2
2249
3
-21576
3
19042
3
-7397
1
2643
3
-3240
1
-9173
1
-29104
2
-9832
2
23575
2
-19784
3
29404
2
-18450
3
10877
1
-25468
1
24870
2
-20135
2
-5642
2
11632
2
-28972
3
-31670
1
-14966
3
-20582
3
17946
3
-27308
2
-10552
1
26686
1
-18405
2
21726
1
3917
3
-24003
1
6066
1
-4272
2
-29917
1
10514
2
-20399
2
20261
1
22717
1
-8509
3
-5198
1
2209
2
7875
2
12419
1
18152
2
13322
2
-27329
1
-8512
2
6457
3
23768
1
-21187
3
-30140
2
-9373
3
-32601
2
-5438
3
-24781
1
22665
3
29130
3
20341
2
-27198
2
18833
2
-22939
1
-10448
2
-15577
2
22327
1
27462
1
20508
1
23870
3
26586
3
32722
1
-24142
3
-32597
2
-8080
2
23645
1
14370
3
15380
1
24429
2
13277
3
9867
1
18636
1
-23639
2
27674
2
-16461
1
25919
2
-19215
1
9484
1
-32416
1
26767
3
3469
1
17593
1
28083
1
-25363
3
10680
1
2325
3
-26240
3
-30162
1
-29801
3
-16301
3
-134
3
-28512
2
-1981
1
-31427
1
-16383
3
26934
3
11759
3
28087
1
17517
1
30988
1
-6002
1
-24748
2
-15104
1
883
1
-16205
3
22247
3
13895
3
13622
3
-10401
2
27806
1
-3628
3
15760
0