924
1
-16039
3
15829
3
20186
2
14399
1
27206
3
8356
3
-32731
3
20981
1
-30050
3
30989
2
20576
3
-14766
3
221
1
-1256
1
-7189
1
-8754
1
12332
3
-2931
1
-9910
3
-5188
3
-25996
2
-24423
2
-21005
2
23266
1
-20151
1
-9289
2
26324
2
5053
2
6506
1
-31405
3
-24221
2
-16911
3
-27319
1
15282
3
32399
3
-3619
1
-12958
3
-14500
3
-10721
1
8907
1
-10432
2
-10220
2
13799
2
-2701
1
10309
1
16764
3
-28779
2
-28029
2
-19549
1
-29228
2
2669
1
-29842
2
13632
2
-9194
2
-10691
2
-3144
2
23186
3
10975
1
-7208
3
-28673
1
23888
1
28693
3
12172
3
-22199
1
25182
1
-5037
1
18669
3
-7418
3
-10040
1
20663
3
-2471
3
18849
2
-12083
2
2060
2
-15506
2
-20140
1
19392
1
6405
2
-14476
2
-8402
3
12259
1
23020
3
-3876
3
-9446
2
-22251
2
4849
2
-2397
2
3114
3
-22498
2
10613
1
22821
3
13238
2
-21593
3
-6098
2
22256
1
-31995
1
22791
1
-17676
1
16281
1
-164
1
1367
1
-25662
3
1203
2
-26359
3
-11551
3
29841
3
14936
1
-4602
3
-30068
2
-20109
1
-28295
1
-1838
1
-16526
1
21082
3
5718
3
26629
1
6175
3
17813
1
-15633
2
1179
3
7850
2
-20259
3
16632
3
-25961
2
6666
1
-2251
1
-1223
1
22188
3
11440
3
2607
3
12364
1
5445
2
3581
3
22611
1
7586
2
20770
2
-6943
2
-23114
1
-30456
2
4451
2
-31042
1
10896
3
7249
1
-10104
3
15967
2
7845
1
-30009
3
2628
1
24154
2
-19826
2
-21595
2
-2974
2
-17360
1
1682
3
-13171
3
-11224
1
3329
1
-2147
3
23336
3
-11123
1
-27124
3
-14287
2
23289
1
-10555
1
-6336
3
28613
3
21485
3
-17193
3
-8852
2
8495
2
-22846
2
4600
3
31926
2
-17206
2
-25991
1
-3329
1
7204
3
11654
1
-20320
2
-15569
3
-29258
3
27761
3
-9703
1
-15882
2
21988
3
-32070
3
13023
2
-4725
1
18245
3
16127
3
23709
2
21338
2
24232
1
12659
1
-16682
3
-32644
3
10483
1
-29658
2
24653
3
-6881
2
2348
2
-16715
3
-8710
2
-27624
3
29789
1
18361
2
-29847
2
17147
1
-5282
2
1023
2
-26120
2
6190
2
-6705
2
7949
1
26354
3
-9644
1
-10666
1
19797
3
886
2
-8987
2
19616
2
17414
2
22522
1
16093
1
12712
3
-10172
3
24524
2
-31366
1
21363
1
-18581
3
12614
2
22652
1
29431
3
-32046
3
-24990
2
-22136
3
-23171
1
-16544
1
6263
1
31072
1
13736
2
19289
1
17489
2
-1434
3
-15835
2
19208
3
6809
1
-9231
3
-17469
2
-4521
2
-29269
3
27757
1
19656
3
19306
1
-9048
1
-4652
2
9591
1
-2439
1
21141
1
15940
1
-29678
3
-15283
1
539
3
-30454
2
27552
1
-21071
1
-10472
1
20808
1
-13294
2
-4476
2
19023
3
-18785
2
-15993
3
-13677
3
25592
1
26661
3
-25512
3
-15411
3
-30672
3
18048
3
12408
3
-18288
2
-27170
3
-30750
2
-4668
3
-1343
2
-18907
2
-356
2
6965
3
-20037
1
-652
2
6165
1
1526
1
29893
2
544
1
11444
2
-32578
3
-21643
1
-7961
3
18570
3
28455
2
-13201
3
13808
2
25234
1
28784
3
7915
3
-13419
1
-11057
1
25409
2
-27050
1
-30370
2
29387
2
-471
3
-28066
1
11119
1
-10925
2
-18968
3
26997
3
5053
3
-12185
2
-28953
2
-26755
3
-8655
1
25626
1
20708
1
24491
2
-10350
3
-16639
3
6278
2
29021
2
446
3
-21350
3
12487
3
28771
1
28827
1
-29997
2
27221
1
-15333
3
-3268
1
30974
2
25375
2
-30076
2
-8085
1
-2822
3
30612
1
13161
1
-27944
3
-24460
3
-11622
2
-29128
2
-22456
2
-12951
2
8101
1
28814
1
-5307
1
-30527
2
-12287
3
14250
2
-1172
1
3752
1
2189
1
-1809
3
-886
1
22398
2
11153
3
18153
2
-28720
2
-31623
2
-20159
2
22142
1
-3636
1
-807
1
-22017
2
8296
2
20414
2
8030
1
15327
2
310
3
-9539
2
15152
2
6536
3
-26899
3
11739
2
15388
3
2704
1
29460
3
-15428
1
-3763
2
-2653
2
8648
2
4168
3
23026
3
-27700
2
-20583
3
-3277
1
-2578
1
22248
3
-14556
1
28254
2
-13030
2
-21429
3
27290
3
-13520
1
-25271
1
13325
1
-20163
1
-6433
2
-20612
3
-13548
1
22693
1
-9380
1
761
3
-24052
2
23108
2
-32487
1
-2472
2
-12933
1
-26411
1
27653
1
19718
3
6592
3
-15272
1
27424
3
31134
3
-28857
3
-27270
2
5741
1
-29353
3
12265
2
-8214
1
17574
1
1301
3
14434
3
23488
2
13982
1
-24397
1
25225
3
23543
3
15825
3
-16637
2
-15012
3
9887
1
-22827
3
25434
2
-15980
3
-13803
1
-26211
2
-906
1
14367
1
-3691
1
9455
3
27685
2
-7000
3
-7412
1
19435
3
-248
3
23889
3
-15861
1
-3967
3
-20283
3
-14859
2
13340
0