585
1
-8789
2
-20196
1
2202
3
21136
1
22843
3
15584
3
3931
2
-25711
1
30307
1
8168
3
-3842
2
28921
1
-27592
1
5685
1
17517
3
32763
2
14462
1
26731
2
-198
2
-10501
2
-24154
1
-8315
2
32415
3
-2230
3
-10099
3
-29788
1
-15335
2
-11248
2
-27723
2
-26270
2
30138
3
-6247
2
-3766
3
18240
3
-26481
3
1332
3
-22690
3
1958
1
-18717
1
10051
3
-4243
3
-11929
2
18333
1
25709
3
-4811
2
26105
3
-5793
2
-7865
1
-18105
2
-1410
1
-15050
2
20210
2
-29693
3
548
2
-3463
3
22674
2
15668
3
-15611
1
14211
2
24587
3
-8770
1
9238
2
6275
2
26607
3
-12584
3
-23890
2
-16302
1
16801
1
21342
3
-8975
1
23107
1
2512
1
-15440
3
29416
1
32451
1
-812
2
8082
3
31036
2
9714
2
-2144
3
12190
1
-14549
1
-19039
1
-396
2
12782
2
-30739
2
16534
3
9465
1
329
1
31467
2
-30549
2
-15023
2
-7116
3
-7533
1
24438
2
-28010
3
1828
3
30308
2
-17398
2
-15742
3
-20820
2
6269
3
-3525
1
-30105
1
-3615
1
-13357
2
-18144
1
4439
3
11079
3
-25239
3
-18234
3
3236
2
27396
1
-6226
1
-8019
1
27574
3
6159
3
-11757
1
-12706
1
-13695
2
1748
1
-18598
1
3432
3
18560
2
13106
1
67
3
-14564
2
25116
2
-18356
3
-12025
1
31085
1
18449
2
27935
2
-4566
2
11541
3
6021
3
15804
2
-22136
2
-6255
2
-409
3
16766
2
8874
3
-31094
2
14934
2
-14660
1
-1517
1
28201
3
15703
2
-2601
2
5424
3
29020
3
-17390
1
-20806
3
24048
3
3586
3
-13296
2
32748
1
22504
3
6341
1
-19274
3
7046
2
-29100
3
-15742
1
-15122
3
-7158
3
8083
2
29590
2
-20781
3
-10178
2
208
1
-16401
3
-3055
1
17888
1
-3624
1
-15397
1
-31599
3
1131
2
-19718
1
-14209
1
21332
1
14139
1
-28953
3
19493
1
11513
1
-25622
3
-23324
3
-19709
3
-25686
2
-15131
3
12594
3
28956
1
-28616
1
28898
2
32435
1
1753
2
30271
1
-26944
3
-13602
1
21138
3
27719
2
20189
3
22358
2
-13533
3
-13933
3
-5338
2
19587
3
18680
1
12150
2
781
1
10914
3
29640
2
31946
3
-16445
3
-25858
3
-25690
3
-3952
2
-870
1
30000
3
-9884
3
-31508
2
29132
1
3841
1
-11498
2
606
2
-26759
3
-18775
2
-28312
2
-32381
2
-30072
1
-28364
1
4057
2
-16746
2
29137
2
-22989
3
5196
1
-335
2
539
1
-17189
3
10710
1
4842
1
14156
3
27117
3
-27232
2
-4264
3
12850
1
-13493
2
14409
1
13972
3
9486
2
-243
3
-492
1
16859
3
-6165
2
-29569
2
3487
2
-4986
2
-25650
1
26965
1
8347
3
-1650
1
-10978
3
-27362
2
21778
3
16828
1
-14323
3
-12529
2
-25293
1
24281
2
-28992
1
-28106
1
-11850
1
-30492
2
19335
3
-10037
3
29928
2
7119
2
-28691
1
-6534
3
5494
2
-11380
1
-12388
2
-19711
2
-12736
1
-31896
1
29652
3
-26576
3
6595
2
-27915
3
-14588
2
31714
3
-15494
1
-32296
0