3
6891
1
-247
1
-27824
2
-7973
1
-27779
1
-4258
1
-15150
3
-30959
3
14198
3
8318
3
10953
2
-12862
1
-21391
3
-22413
1
20768
2
-22933
3
15871
3
-29978
3
7197
1
12098
1
-8370
3
-23718
1
-7394
3
13391
3
5748
1
19314
1
23668
2
-3989
3
-698
2
-5844
3
3115
1
19814
2
-10846
3
-5067
1
12954
1
-26806
2
-30699
1
-10068
2
-19766
3
18179
3
-20505
1
9383
3
10340
1
28739
2
20482
1
28984
1
-27371
2
-24786
2
-28196
1
24806
1
3645
2
4950
3
25992
3
4215
1
11239
1
-24433
2
-12462
3
-49
3
-24451
3
-27706
2
29343
2
15473
1
-18780
2
23597
2
29245
1
-30932
2
-20034
3
11433
2
31786
1
5271
1
-32176
2
32367
1
-2568
1
24872
2
-20696
2
10826
3
-1531
3
28831
1
-26673
1
23584
2
24074
2
-28787
2
-31665
1
588
3
-11241
2
-16306
1
21187
1
3817
3
-25741
2
7374
2
4168
2
-418
1
20176
1
5491
1
4207
1
-31783
3
-17257
3
4482
3
-15087
3
13757
1
-8084
1
-24834
1
-8756
3
8827
1
-25623
1
10443
3
-18376
2
18452
1
3262
3
30179
1
-10960
3
-29257
1
19182
1
-28696
3
16342
1
-12906
2
-3903
1
-24860
0