394
3
22707
1
19987
1
12647
2
23123
1
-27348
3
-8119
3
-10864
3
-22269
3
10146
3
32230
2
-14295
2
3362
2
3535
3
-31891
3
22786
3
11420
1
-8657
3
16855
3
-26207
2
15314
1
-2014
2
20807
2
-26662
1
22812
3
31041
3
13500
2
5786
2
31346
3
-16017
3
4144
2
-15619
3
-23345
3
-7397
2
-22223
3
-10427
1
-23998
1
14551
2
-25182
2
-12379
1
23918
1
30659
3
-6934
3
3866
3
28192
3
13907
3
-28068
2
13753
3
30086
1
-29064
3
-20733
3
24224
3
-29601
2
-11938
1
3166
3
-19965
3
-7395
3
-25090
1
-12164
2
-4474
3
32697
2
-23829
2
1918
2
18048
1
-28483
2
-30829
3
-12719
1
-25009
2
1818
2
-7287
3
28974
2
-12061
2
14135
2
32442
3
17970
1
3055
1
-3929
2
-16792
2
-2587
3
-32319
1
18898
1
-26461
1
-12616
3
30442
3
28303
2
7331
1
-1501
1
31752
2
32387
3
-9335
2
4318
1
-14228
1
-18595
2
12029
3
21352
3
-25893
2
-25384
3
18331
1
-20943
2
8324
3
-12252
3
-5881
1
26009
1
-13482
1
-3274
2
24659
1
-15655
3
29479
2
-6249
3
8528
3
-742
2
5812
2
23730
1
-19391
1
-26929
2
22598
1
-8239
3
-28204
3
6560
2
-31588
2
11624
1
-24427
3
-11825
2
-15283
2
26505
1
-26614
1
-21979
2
9957
1
-8597
3
-16140
1
-28825
2
14450
2
-12889
2
32685
2
-24360
3
-18276
3
21719
2
9907
2
23584
1
-12570
2
25914
2
560
1
8566
2
8940
2
28988
2
25946
3
22323
3
-21653
1
-12994
2
29237
3
-25235
3
-22772
2
1168
2
-18000
2
-6088
2
-17857
2
16452
2
-18432
1
13639
3
20073
2
1145
3
-3476
3
-10845
3
-26194
1
-11069
2
13871
1
7286
1
30272
1
24809
3
3607
1
2133
3
-25590
1
28365
3
-12081
1
-9670
2
12039
3
9584
3
-20809
2
-13887
1
9648
3
-15369
2
5266
1
-1622
1
10473
1
-4267
1
13730
1
-11741
1
-5212
1
28181
3
707
3
8648
2
14191
2
-5054
1
20464
1
-12412
1
969
1
18579
3
9111
0