3
-6838
2
3542
1
-23975
2
-20122
2
-11133
2
13158
1
-59
1
28126
3
19458
3
11981
2
-12605
2
-29326
1
22833
3
20474
1
13130
3
-10081
2
4392
1
-5490
3
-20898
3
-10351
2
3228
1
-17579
2
11444
3
-3852
3
20194
3
651
1
2718
2
15790
1
-14213
3
15868
1
1085
1
12194
1
-4306
3
-28790
1
-154
2
9251
2
-14027
2
-2215
1
-14945
1
14642
1
-1385
3
20701
2
-17023
2
9099
3
-17853
1
-13251
3
21992
1
2893
1
-14726
1
30143
1
-28824
2
-9823
1
-24693
3
28930
1
-6755
1
-10323
1
-22334
2
21018
1
-23098
3
-21677
2
26037
3
-7850
3
-16557
3
-13704
3
-26063
1
-7253
3
22158
3
994
1
-8082
3
-6408
2
-18480
3
-8877
1
-29554
3
-23308
3
-32419
1
8097
2
3617
2
-23220
1
-1461
2
-31566
1
-114
3
2776
2
26955
3
11520
1
-18267
3
-16192
1
6137
3
-10683
2
18053
2
8131
1
3201
1
31699
2
-15755
1
12022
3
21756
1
2809
2
11703
1
26624
1
17188
2
10269
3
-30799
2
-29830
2
-25139
1
-20231
3
-8058
3
-29350
1
9001
3
-18574
3
-11123
3
30930
3
1100
2
-4998
1
-31617
3
22727
1
-15922
2
27817
2
-30914
1
14403
2
-32705
1
-22025
2
-17327
1
28441
3
-29868
1
-11505
2
-26675
3
22283
3
15434
2
4266
3
-6039
1
28416
3
23305
2
2064
1
30509
3
20304
2
-6088
1
30255
3
13764
1
-12279
3
-24889
2
13286
1
-849
1
16526
3
-7475
2
-24385
2
-16480
2
6437
3
4884
3
7439
3
13325
3
-18418
2
18104
3
19206
2
15934
3
1031
3
24748
2
29499
3
-18076
2
8305
3
2021
1
23175
3
-23200
2
-18480
2
-24929
1
-9999
3
27688
1
-26559
1
23884
1
3387
1
7649
2
26120
3
3698
3
-27812
1
21600
1
16087
1
22856
1
32402
3
20243
1
28486
1
2499
1
4208
2
-7669
1
-2245
1
-30983
2
-22881
2
5700
2
-11253
3
-6062
3
-17900
2
-22393
3
1673
2
-29585
2
-25089
3
-10911
3
-21965
2
1535
1
-28516
1
-22076
3
6938
3
22069
3
1212
1
30586
1
8550
2
21442
2
14727
3
1978
2
687
2
3850
3
31303
2
-24809
2
-30384
3
-19669
2
19984
1
-26803
2
23300
1
-3497
2
-14075
3
-14318
1
-13649
2
-29276
3
-1158
1
17082
1
-16782
1
18437
3
313
1
5625
2
24550
3
8822
1
7910
1
26944
2
-15805
2
5153
1
801
1
29382
1
14188
1
29276
1
20017
1
2509
3
11063
3
-9156
2
-22694
3
24690
3
-12383
1
3568
1
-9356
1
28438
2
-12401
3
25005
3
-3375
2
5153
1
2282
2
-16184
3
-14825
3
22724
2
19912
1
-416
1
-27437
3
-30585
2
1314
3
9998
1
-22775
2
-13426
1
-27277
3
4257
2
-522
3
-15499
3
-24995
1
4496
2
31113
2
20610
3
25583
3
4079
2
-8773
2
18654
1
31346
3
1482
2
-20676
1
-27070
2
30269
2
-21885
2
-8818
2
-15820
2
31087
3
-23092
1
-856
3
-20235
3
20178
1
24848
2
-23825
3
31373
2
8434
1
-29914
3
15703
3
-5234
1
-26398
3
-19393
1
10002
3
5032
2
-17433
3
11128
2
-3694
2
-16048
3
24216
2
9352
2
29008
2
-10738
3
15385
1
-13160
3
31669
1
31597
1
-16228
2
-6113
1
-11710
1
-13711
3
27071
3
-2069
3
-4376
3
-17678
3
7444
3
-6854
3
-2235
2
-8041
2
-4306
2
-4545
3
8773
3
-13203
0