1
1915
3
-6677
3
-2480
1
27556
2
12684
2
4079
1
-32673
1
-15236
1
16734
1
23473
1
26082
2
115
1
21670
3
-31223
1
-12938
2
-7302
2
8637
3
25139
2
-20582
1
-21007
1
-23556
2
-20693
3
30285
3
21624
3
16064
3
4264
2
-18890
1
22545
1
7743
3
-5091
3
-8095
2
1956
2
15153
2
4644
2
8679
2
19194
2
-28397
3
31720
1
-24722
1
28273
3
16783
3
-941
1
10792
3
5588
3
25599
1
-15774
3
-488
1
1347
3
1923
2
-655
1
2367
1
-31801
3
-23507
3
28324
1
-31299
1
7631
1
-27048
1
27948
1
-20589
3
20982
1
-15385
1
31439
1
-13034
1
-696
3
-4635
1
2379
3
-22749
3
-27653
2
-32026
3
31493
1
16109
2
-19039
3
-1275
2
3453
2
6804
1
18581
1
-11347
1
9752
3
-10321
2
16831
2
27245
1
-24918
3
-13086
1
-24208
1
20308
1
18303
1
-30517
1
18728
2
-28119
3
-25365
3
19077
3
30178
3
-25943
2
10704
1
-24350
2
12531
1
-16879
3
23227
2
5363
2
-30621
1
25974
1
-12539
1
19518
3
-1799
3
-12281
1
24302
2
17433
3
11693
3
-26241
2
7629
3
23075
2
5650
1
10570
1
11725
2
29247
3
14888
2
13097
1
24020
3
25402
3
-31411
2
9312
1
-12605
2
-31037
1
31026
1
-2250
3
31952
1
-11359
2
20665
1
-4580
2
26446
1
-13843
3
-17450
2
-31820
3
-14304
1
-5293
2
29849
2
8262
1
-20836
3
-17568
1
-29429
2
5086
2
15373
2
14997
2
-26704
2
-5384
1
-10448
3
19053
3
-25395
2
-11503
2
-1728
1
14169
1
-30544
3
7504
3
26415
1
5991
1
-13147
1
10378
1
22435
3
-8473
2
23107
3
-6271
3
-28518
3
-17402
3
-11421
1
13759
3
28832
2
3190
2
-10366
3
-23677
1
16281
1
19341
1
-25446
1
22106
2
29179
3
-6450
3
28082
2
-22451
2
19488
2
23070
3
-8068
1
-26063
1
-30404
3
31932
3
23322
1
-11292
3
-25336
2
3887
1
5861
1
15873
1
18002
3
21240
3
16897
1
24882
1
17130
1
5676
2
-14506
1
16194
3
4465
3
-30012
1
-24567
3
12754
3
-29246
3
-11552
3
-20733
2
-19391
1
9364
3
23524
1
-12444
1
-4619
2
-1749
3
26725
2
17834
1
6457
3
11783
3
15210
2
9864
3
-16201
3
13618
3
3706
2
-12469
3
-13992
1
-22231
1
-8790
3
-14100
1
14397
3
-24488
1
-187
3
-10294
1
-7879
2
10418
1
3438
1
-7343
3
15010
1
-8843
1
11072
0