1
23882
1
-8939
1
6054
2
26232
2
25455
3
3128
1
-31644
1
-4338
3
-1140
3
-7438
1
2707
1
8466
3
23213
2
-30264
3
-17660
1
7686
3
2963
2
-966
2
-19771
3
32457
1
-16573
1
-15957
2
-15803
3
-21326
3
12275
1
-10395
3
2398
2
-27408
2
31700
2
-21444
1
-6833
1
-12593
1
-13252
2
29036
1
-25984
1
-23140
3
27563
1
18488
1
-6303
2
7633
3
27752
1
-8708
1
-11393
3
-14555
3
22063
1
9291
2
-3376
3
-10187
3
-2233
2
-18398
1
25663
1
16316
1
27776
2
9642
3
25062
3
-21754
3
-3362
3
-5316
3
17134
3
17230
2
-9622
1
-6278
3
11817
2
27699
1
25545
1
11780
2
-15944
3
-12743
3
18617
2
-28510
3
4767
1
10319
1
11838
3
11546
1
30738
2
-2023
2
-24214
1
-2308
2
-8372
3
-32047
3
21884
3
18443
3
-11493
3
17089
1
10621
2
4163
2
-22024
1
18559
2
17067
2
-2772
2
-18149
2
7952
1
2104
2
19623
2
-13666
2
20565
2
10491
1
69
1
-8704
1
-17342
2
-2669
3
29607
3
4902
2
29134
3
32315
1
-4335
2
-27045
1
-10838
1
4404
2
-18265
2
-29413
3
-1273
2
-17539
2
-472
2
13430
1
467
1
1287
3
-6198
3
67
1
25179
2
-22302
3
5830
1
-11866
3
17486
3
-29289
3
7701
1
21959
3
-18922
2
9031
2
-6574
2
14462
1
5535
1
-11735
3
-4880
1
-26275
3
32206
2
-11113
3
-19099
2
-4749
2
-30304
3
-2033
3
29509
2
6901
3
26934
3
-7108
2
6636
1
-15104
2
-18320
3
20789
2
-25428
2
-5711
1
7892
1
-4874
2
-10956
3
-26211
1
20080
2
5400
1
-28489
3
-13560
1
16780
2
-7306
3
-9761
3
-13959
1
19127
1
-781
3
-26367
3
3075
3
-2966
1
28686
2
-26112
3
2617
3
-13822
2
-11666
1
-23889
2
17246
3
-16727
3
24078
2
2885
1
14485
3
-16451
2
30818
3
31161
1
22325
3
-29417
1
-93
3
-21472
1
25288
1
-742
2
24778
3
6149
2
9944
1
-30307
2
-30198
3
28247
2
-17679
3
-21062
1
-25760
1
-9930
1
6735
1
-512
1
-30715
3
11781
2
-23158
3
-26311
3
-23291
2
-15471
3
-22418
3
22342
2
26164
2
-7582
1
-20148
1
29549
3
-19884
1
29583
1
-5887
2
19605
1
-32439
2
19137
1
13259
3
29021
1
14739
2
9584
3
-16114
3
-18964
2
-19602
1
-7549
3
-6724
3
-2164
2
-6806
1
-20570
1
-26495
3
-2527
1
19148
3
30905
2
-26510
3
-31831
3
31006
0