3
19710
1
10806
1
-3352
1
-28958
2
-2035
2
10661
1
25335
2
-18815
2
28597
3
11668
2
6568
2
20081
1
14810
1
-27721
3
-8273
3
27450
3
-2093
2
23032
1
-15700
2
-27078
2
26541
2
-26475
1
-18974
3
15267
3
-9559
1
-26981
3
-7703
3
25967
1
-12344
2
-20613
1
10287
3
-7416
2
14888
2
2996
3
13976
2
-1971
2
29266
2
-2026
1
12955
3
-31152
2
10793
2
13949
3
10121
1
-10798
1
11052
2
-7339
1
11122
2
581
2
-14803
3
-2766
2
20424
3
-15353
1
-2830
3
-24291
2
-6052
1
31122
1
-15399
3
-22786
2
-820
3
-31141
3
-17962
1
-30167
2
-14085
2
-25930
3
27876
2
5576
1
2014
3
-3247
2
24979
1
11046
1
26280
3
4582
3
10433
1
-17069
3
13580
2
26489
1
16390
3
-27908
2
-26935
3
8049
1
20643
3
1248
2
-9355
2
895
2
-12952
1
-4322
2
17613
1
4946
3
22667
2
-19859
3
17678
3
8186
1
-16446
2
22986
2
-8988
1
-16111
3
-2266
2
31129
2
15103
1
30657
3
14195
2
-22341
1
14402
3
-11325
3
-25962
3
-30437
2
-10384
3
-17308
1
3474
1
-4769
2
10669
1
-18030
2
-19275
0