3
6620
1
-32249
3
-22338
3
-6725
3
5069
3
-8808
1
-21293
2
18180
1
174
1
-20970
3
7122
1
-26044
2
3709
2
16495
2
-15347
2
25964
1
11572
2
9565
3
30431
2
-26179
3
31673
1
-29887
2
-18339
3
5416
2
23975
3
9494
2
22491
2
-20861
3
-12661
3
13072
3
-20356
1
24880
2
-25716
3
1123
1
28756
1
17580
1
-22241
1
30763
2
3037
3
-16507
2
27997
2
-25544
1
9277
3
-19953
1
11335
3
12122
1
-32396
1
18797
3
-10545
3
-19344
3
-21267
1
5640
1
19241
2
8819
2
-11434
2
15336
3
10107
1
10254
3
29956
2
-15461
3
29136
1
4935
1
27664
2
10285
2
17296
1
-18031
2
-5863
3
-14336
2
27031
3
32545
2
6419
3
-2017
3
-13922
3
24482
2
22896
2
21224
3
7504
3
16004
1
-14544
1
-28177
1
26996
1
-31492
2
-12791
1
-26004
2
-14092
2
-17624
1
-10790
2
-3768
1
-24273
1
-14352
1
4648
3
16937
2
15474
1
14881
1
-29141
1
5185
3
-1502
1
3699
3
28911
2
1151
3
2868
1
7203
1
-7174
2
2533
3
10305
2
13743
3
-32744
1
19479
1
9117
3
-9310
3
11531
2
-13544
3
22423
1
-30626
3
28448
0