3
-2726
2
20365
2
31210
3
28909
2
-4196
2
-28921
2
13137
1
-715
3
-27976
3
26205
3
16679
2
26573
3
16360
1
-14635
3
15435
3
-9415
3
-14032
2
-4152
3
15728
3
22564
2
7172
3
5310
3
-27018
3
-28449
3
-28038
3
-30990
2
1417
2
21043
1
11231
2
-10797
3
1758
1
19396
1
22200
2
-2592
1
14310
1
3994
1
890
1
-10523
1
-31144
1
-26506
2
8235
3
1199
1
-20459
2
21680
3
-31862
1
-9370
2
-29216
1
-26029
1
2052
2
11002
1
4161
1
1005
2
-28938
3
-9557
1
11672
1
-25859
1
-31988
3
5436
1
31179
2
1319
2
-5188
1
-3695
3
-9675
1
-23531
2
-23546
2
765
3
17429
2
1872
3
9461
2
23608
2
17824
2
12548
1
27801
3
27206
2
27834
3
19327
3
-28403
2
30295
1
-16196
3
-8457
3
-12710
3
-10103
3
2882
3
-14923
2
21223
3
-12067
3
5011
2
-20338
3
-30640
1
-16770
3
-22746
3
8161
2
21410
1
-31793
3
10809
2
-14858
2
-25060
1
8299
2
22805
1
14801
2
2130
1
-11399
1
20255
1
-19826
2
27377
1
28870
0