3
-15986
3
-19941
2
330
1
-29490
1
-3426
2
24325
2
-8646
3
-12619
1
14004
3
2506
3
14164
2
7468
1
31910
1
-30459
3
-20722
1
-24549
2
-8958
1
-14439
2
-2066
3
22184
3
-3013
1
1936
2
287
1
32106
1
20796
2
28004
2
11010
3
26247
1
-2897
1
-19451
1
-22072
1
-14916
3
-19959
3
32015
1
26343
1
15957
1
-25279
1
26193
3
10409
1
-28256
2
-31134
2
11398
1
7604
1
25683
2
15307
3
27924
3
13336
1
-10454
1
-4187
2
23578
2
-1806
1
-1555
3
5981
3
-26087
1
-18642
3
13254
2
12043
2
2944
2
31850
2
-1341
3
31570
3
299
3
-22274
2
32599
1
11451
3
27823
2
-25482
1
11857
2
27797
1
-32339
3
-19039
3
7463
2
1534
3
9613
1
-12534
3
-30769
2
9311
2
31920
2
-29215
3
-19653
3
5384
2
-14817
1
30933
1
7843
3
-4531
2
-24808
3
-3317
3
-6177
2
15852
1
-30488
1
3613
3
11215
1
15627
1
-14280
2
-18704
2
9431
1
14960
3
8751
3
29263
2
13303
2
8267
3
27608
1
15839
2
-14942
2
21307
1
32012
1
-18965
3
4627
3
-20618
2
-32171
3
4819
3
-18004
1
12881
2
5747
3
5817
3
-6834
2
29814
1
-14593
2
-12671
2
6452
3
-26923
1
-356
3
27623
3
-10582
1
-12354
3
-23812
2
11940
2
-32075
3
8267
1
-31648
1
22030
2
-9278
1
-20494
2
1278
2
283
1
21310
1
10201
1
18407
1
12947
1
-5664
2
-9732
2
5428
1
18229
2
-4893
1
-8366
1
7388
2
1745
1
-18934
3
5975
3
-103
2
-22236
1
25412
1
15077
3
-16004
1
-24822
3
8251
1
-8655
2
-13716
2
6041
3
31422
1
15260
2
22464
3
7637
1
-30304
2
10590
2
-27874
2
-18265
2
30502
1
20649
1
-15012
3
21063
2
27637
1
-20085
1
8262
1
-18570
2
-5252
3
-31310
2
-13289
1
-23186
3
2724
2
-29231
3
30017
2
-7540
1
-11331
2
-1467
3
-15754
3
13297
1
-28421
3
4410
3
-25312
1
-8034
3
-10682
2
18898
3
14233
3
21802
3
2817
1
13656
1
-10774
2
-30829
2
12344
2
24145
1
7073
1
-22763
3
-23869
3
-24155
3
17043
2
22790
2
-22067
3
13072
2
-21485
3
-9771
1
-4626
1
22347
3
14570
2
23860
2
-7660
2
30732
2
24929
3
28733
1
-25012
1
3838
3
-2623
1
-16988
3
-311
2
15293
3
-31777
1
-7654
2
20510
1
-856
1
-18303
3
28899
3
-22698
1
25898
3
-27169
2
-23814
1
-23503
2
18004
2
-8692
1
18565
3
1450
1
14357
3
22802
1
13223
1
-14813
1
-32672
3
-26587
2
24520
2
14805
3
11510
2
-1984
2
6983
2
-2491
2
16183
1
4333
1
27913
3
-23716
3
24035
1
-27918
1
-6514
1
16266
1
-28893
3
19395
2
-21153
1
19458
1
30389
2
-16719
3
9672
1
-2549
1
-21231
1
31778
3
-20313
2
14945
2
-15637
2
2993
1
22408
3
25970
3
-23287
1
5874
3
-28492
3
4136
3
-28456
1
17602
2
-22447
2
22634
2
2324
3
13544
3
-11457
3
31594
1
-8999
2
21517
2
15894
1
29189
2
29385
1
13967
2
-4699
1
3458
1
30203
2
-8505
1
-19521
2
22806
1
-2781
1
-15796
2
23888
2
19241
1
16994
3
18216
1
11786
0