862
1
-15929
2
-11559
1
-512
1
20706
3
6593
1
27291
2
11343
3
-31768
3
-9394
2
-31822
2
27727
3
-13767
2
30486
3
18193
3
28489
3
25051
3
-21029
1
24268
2
-24449
3
18084
1
-4345
3
24346
3
4970
2
5171
2
5787
1
28491
2
14645
2
-30607
2
17773
2
7185
1
5467
1
24311
2
18950
1
23097
2
24931
3
-2556
1
-31694
1
21475
2
-13547
3
-22794
3
31937
2
-2510
3
28841
2
-28085
3
-15017
2
-14567
3
9562
3
144
3
31434
1
-20551
1
-24434
3
7974
2
-24301
3
-25503
3
-15422
3
5353
3
20059
1
14821
1
-15259
1
-11624
2
2790
2
-832
1
21454
1
31584
2
-2923
1
-14527
2
-27527
2
25679
2
-10492
3
14595
3
32
3
30108
3
6884
3
6206
1
11018
2
-11187
1
-5430
2
15547
1
2670
1
-29465
2
9326
3
-354
1
-9517
3
-30967
1
-25497
3
-10537
1
5999
3
21742
3
-30616
2
-5238
1
-6435
1
-14984
2
-21682
2
-7803
2
10722
3
724
2
-21036
2
24189
3
-27838
1
28756
3
-12840
3
-22153
1
13039
2
10761
2
-21890
2
-25377
1
-7366
1
24569
2
-28445
2
-26306
2
20183
3
4927
3
-8226
1
-3417
2
-28638
2
29583
1
8981
3
-10548
1
-11215
2
9043
2
3894
3
6225
1
6600
3
563
3
-18584
1
-15130
2
-17937
2
14401
2
-23445
2
-21704
1
23696
3
19684
2
9485
2
5158
1
3695
2
24293
3
-29570
1
15037
3
25444
1
18764
3
25512
1
7483
1
-375
2
25113
1
16775
3
7735
1
14529
2
-28051
2
16509
1
18607
2
10515
2
-23502
2
-2194
3
27246
2
22113
3
-18792
3
3887
1
24206
1
-10786
2
18548
2
19364
2
521
2
4071
1
-8077
3
18383
3
10872
1
-842
3
-11632
2
22345
1
-21895
3
-25062
2
-2399
3
11948
3
-24917
3
-24958
2
-30341
3
31751
2
4037
1
-15494
3
-12782
2
-11072
3
-30970
3
-8731
2
31342
3
-14051
1
-13468
1
13091
3
5015
3
-11612
3
-15836
3
27034
3
-10823
1
10338
1
1426
2
-15317
2
-26525
3
-15735
3
3892
2
-17675
3
19868
2
22651
3
7878
2
-22627
1
-20353
3
-28202
1
-24834
3
11717
3
-10284
3
-28866
1
-17150
1
2869
1
22983
3
8426
3
-5340
3
-26896
2
14871
2
1861
2
-2178
2
29060
3
-25765
1
-20263
1
-5410
2
18585
2
-25938
1
7950
2
-22691
3
21348
3
27721
1
10505
2
-17811
3
12856
2
20131
2
-122
1
12088
2
6998
3
32033
2
2890
1
5528
2
5409
1
1699
3
10454
2
18931
3
27635
3
-11323
3
-12320
1
-738
2
19265
1
-12079
3
-11995
1
-22716
3
-5390
1
10496
1
23402
1
17805
1
6383
3
20707
3
26735
1
10898
1
20493
2
15223
3
-12471
2
11798
3
-14480
1
31127
1
-7697
3
-17896
1
-6075
3
-10856
1
-14188
1
-786
1
11877
1
-25921
3
31073
1
-11921
2
-18276
3
13237
2
-8452
1
-3177
2
3623
1
-27520
2
-13612
3
2034
1
24476
3
7557
3
-12060
3
7568
2
19919
3
-23350
1
-18178
2
19810
3
-13253
2
-32371
1
-31845
2
-12222
3
18609
1
14069
3
1671
2
13745
1
-5710
2
-20659
3
30623
2
14780
2
27585
1
-17964
3
-10918
2
20383
3
-11864
2
-3122
2
-28366
2
9265
1
-12175
2
-686
1
10668
2
-20422
1
-31742
1
1246
3
25710
1
-28540
3
-31163
3
-27341
3
17832
2
-25216
1
10681
2
-26484
1
28267
1
-27444
2
-15948
3
-2513
2
-22507
3
-7878
3
4051
1
15663
3
30297
1
11974
2
10385
2
-24010
1
14374
3
-1850
2
-23375
1
16026
2
-24893
3
-32234
3
-24298
1
-12195
1
-12090
1
25130
1
-8725
3
19481
2
18705
1
14151
3
23300
3
-26444
2
31495
2
618
3
2347
1
-7101
2
3364
3
-14034
3
-28613
2
520
3
24446
1
13604
1
-22949
3
-20684
3
28776
3
17280
2
14318
2
-29250
2
-14693
3
31489
1
6575
3
-18126
2
-19624
2
-19240
1
-3870
2
15761
1
-17196
1
-5665
1
-10568
3
11639
2
-4263
1
-24363
2
-27766
1
-13948
1
-31282
3
-27709
3
-26893
3
-7303
1
-8364
3
-32575
3
-29451
2
32551
2
-12132
2
-11010
2
9204
1
949
2
-10611
3
29046
2
-25016
2
-2976
2
-10694
2
-6594
3
24766
2
-28484
3
14702
2
-13876
1
-24069
3
-15265
3
27999
2
17453
3
-14636
2
-2764
1
960
3
-358
3
23043
2
-21340
1
16590
3
8851
2
24234
3
-24147
3
26052
2
-10829
1
-2319
2
-15628
3
-8349
3
-24076
3
-5652
2
26945
3
2247
3
-21473
2
-24093
0