3
-27892
1
-24819
3
-12916
2
25887
3
-4510
1
-32633
1
-25725
3
-2383
2
-4473
3
17038
3
-19611
3
4855
1
-17007
1
19491
3
-23625
3
5397
3
25114
3
9140
3
-24210
1
18358
3
22755
2
17168
3
27809
3
-28553
1
-12054
3
-946
1
-20124
1
-513
3
-8533
1
-754
3
18418
2
23300
1
31156
3
22927
3
6293
2
28362
2
-11012
3
-30912
3
32611
2
-9534
2
-15748
1
-27048
1
-23122
3
-15200
3
11914
3
4319
1
-515
1
-7543
3
3198
2
-16956
3
-10781
1
-29538
2
-22717
2
9926
1
-20501
3
-5577
1
29418
2
6211
1
-25495
2
-22826
3
31780
2
5896
1
-32427
2
19377
2
21065
1
-11723
1
31294
3
9264
3
4534
1
-26074
2
12393
1
23824
3
20821
2
-8744
2
-18973
3
-22913
3
-20347
2
3756
3
-9019
1
11942
2
30820
3
-10938
3
-23657
1
7517
2
15735
1
-13294
2
7727
1
16274
1
-30482
2
24666
1
-29227
3
10702
2
-10930
1
26218
1
6454
2
-24801
1
-17999
3
-12436
1
-6222
1
12336
1
-7880
3
30864
1
-29234
1
-8642
2
15845
3
30812
2
-28176
1
-32644
2
-11347
3
27700
3
-25028
2
2256
3
-21878
1
-31892
2
-28900
1
11791
2
-24819
1
-9565
1
5153
2
25679
1
18581
1
-3713
2
-6012
2
-8566
1
32546
2
-10333
3
-20189
0