3
-9313
3
-27889
2
-25017
1
18991
3
5205
1
8432
1
-22149
1
11356
2
-7457
3
27251
3
3441
1
7976
3
-14967
2
-3121
1
-21279
2
24520
2
20178
2
-6411
3
-9077
3
-12702
1
1787
2
29003
3
-29977
3
13663
1
5622
3
10278
1
-573
1
-11315
3
-19609
3
10049
1
-23531
1
11741
2
18701
2
32594
2
-20870
1
-15916
2
19036
1
-9879
2
-10617
1
21664
2
-28554
1
-29309
1
2638
3
-12341
3
29028
3
-7256
2
31113
1
11720
3
-27183
3
13219
3
22194
1
4429
3
19071
2
-23416
2
9636
3
-8695
3
-13037
3
31163
2
-26200
2
-11196
2
27323
1
-8912
3
-18998
3
21100
3
-31116
1
28950
1
13145
3
4040
3
-10236
3
399
1
10107
2
-21259
1
26382
1
-8771
3
-8391
3
-27859
1
-30790
1
30074
2
-11844
1
-20493
3
-15195
2
-16312
2
24444
2
-29975
2
29723
2
-8967
1
-22301
2
25871
2
-29357
2
32399
2
-5655
1
11788
2
11789
3
-19401
1
25001
2
-30504
2
28250
2
-16387
1
-26127
0