1
12524
3
12919
2
15651
1
26722
3
-30487
3
24624
1
6112
1
22951
2
26028
2
-11400
2
-9457
3
20421
2
-4731
1
1339
2
5275
1
-1924
1
1198
1
10287
3
9665
1
10945
3
-9819
3
1102
2
10370
3
26434
1
-7844
3
-3830
2
-31751
1
17397
1
11296
1
-10578
2
11729
2
12347
1
-48
1
22583
1
-19516
2
-10491
1
18085
3
11655
3
-22919
3
-22151
3
12063
1
17586
1
20883
1
5350
2
32481
3
-26516
1
-10969
3
24717
3
-25163
2
-1369
3
-13188
2
6710
3
-8585
3
28333
3
-14532
2
-28301
1
-3342
1
-5288
2
-30494
2
20973
1
-20248
2
27156
3
12397
3
-5136
2
28802
2
-7184
3
23744
1
25338
1
10876
2
-3465
3
23551
1
-18911
3
-9561
2
-24961
2
-26396
2
22593
3
-22041
1
-25050
2
4259
3
2191
1
-12648
1
-28930
1
-20173
2
-23296
1
6371
1
-18077
1
17346
1
28955
1
-29609
1
-6144
3
-12024
3
-21346
1
-22092
2
16320
1
21437
2
1267
2
10691
1
471
2
-5635
3
-24802
1
-10022
1
13467
2
13700
3
78
3
19272
2
2985
3
-3382
3
29876
1
-14018
3
17372
2
12786
2
-3906
3
29498
3
767
3
2965
2
-1410
3
4880
1
-15232
3
25665
1
13438
1
-316
2
23215
3
-20515
2
-16756
3
-5483
3
23099
1
12590
2
-20762
3
20975
3
13843
3
5210
3
25024
1
-6428
2
4418
3
-3547
3
-18640
2
12222
2
-17180
1
8620
1
-7230
1
-481
1
7962
2
12834
2
-9147
1
-19934
1
-29294
1
687
3
-29637
1
-28369
1
14463
1
10866
1
-26834
2
-259
3
975
1
29967
1
16899
3
19977
3
-25234
3
-19584
2
9782
2
-14761
2
-17016
1
-23268
1
-1051
2
-30138
1
14447
3
-20934
3
9733
1
17425
3
22448
1
7533
2
-26300
3
-32648
2
4969
2
792
1
-16226
2
10391
1
21516
1
-27355
3
13702
1
-9880
2
-23804
3
7922
2
26273
2
14882
1
12545
3
5519
3
-1369
3
4411
1
-15946
1
12959
2
-11764
3
-10989
3
14375
1
-19745
1
-25577
2
2116
2
-17746
2
-28674
1
-2590
2
10203
1
16688
2
-3331
3
6357
3
-1347
1
29102
1
-9610
1
7457
2
-31909
1
14656
3
-16960
3
-4587
1
-1129
2
1623
3
22725
2
-72
3
-19243
3
-24289
1
9661
3
1547
2
20675
1
-5172
1
-5297
3
30984
3
4443
2
-11886
3
3939
2
-22793
3
-13165
3
-28091
3
-16491
2
25694
1
-17073
2
-15449
1
30167
2
13121
3
-20626
2
-31109
1
1548
1
21490
2
-17144
3
-4564
2
-25986
3
-20586
2
-20211
1
-12052
1
-29066
2
-28989
2
-16970
1
-20160
1
-19354
2
-21963
2
29101
1
16778
1
329
2
-32713
1
-31768
2
4909
3
-3160
2
28676
3
-5963
3
991
1
25447
2
-18652
1
2730
2
-31711
1
-30020
2
22526
1
-8413
3
16906
3
-10639
3
4182
1
-27816
3
-11123
2
8913
3
-10798
2
-14338
3
5239
3
31243
3
2447
2
-14250
2
-9473
1
-14926
2
-30743
1
-24956
1
15760
2
-17664
2
-8559
1
17432
1
12212
3
-21423
3
7870
2
19714
2
-4340
2
17680
1
-25141
3
-11827
1
4367
2
-29590
3
-13282
3
-12755
2
4332
1
20171
3
-31758
1
-16408
3
-19553
1
25716
2
-25701
3
3436
1
20850
3
-10828
1
12915
2
-14876
2
19770
3
1925
3
-4502
2
-22088
3
7662
2
13670
1
26183
1
-966
1
-30657
1
29926
1
2495
3
-3699
1
-18522
1
-14739
2
19588
1
-9238
1
2595
3
-4799
2
1186
1
18378
3
-4586
3
14102
2
-11357
3
-16367
3
-2760
2
-24649
2
25142
1
-14398
3
6883
2
-12623
3
26620
2
-12321
3
-17661
1
20104
2
14997
1
12115
2
25765
3
-2128
2
30629
1
14091
1
-9687
2
-30219
3
26857
3
-10027
1
20431
1
-11339
3
15113
2
-15368
1
22705
2
32269
1
-1177
3
8472
3
23078
2
-11988
1
-5400
2
-19568
3
5470
1
-26529
3
-22822
3
-14607
3
-331
2
1176
2
-8585
1
25758
2
12564
2
-32600
2
17248
1
31581
3
17501
1
21054
2
-3422
3
-7162
1
-14893
2
23645
1
27339
2
-18719
1
23981
3
688
3
1227
1
-22056
1
30281
2
-30037
2
-1843
1
23496
1
9773
3
3767
2
-4595
1
-16381
3
-32607
3
-7857
1
26588
2
-25930
2
26974
1
16023
1
-9120
1
12651
1
26501
2
-30175
1
-30970
1
-21789
1
-20616
2
-25436
2
21701
2
21195
2
-29662
1
9533
1
-26313
2
-212
2
27293
1
21914
3
27067
1
25696
1
-9811
1
-2263
3
-31792
2
-20186
2
5669
1
26437
1
9175
3
564
2
8232
2
26997
2
32533
1
6845
2
2464
1
-16511
2
-25389
1
-24056
2
26127
3
2304
1
-5226
2
-25740
1
4209
2
2848
3
22213
2
-29182
2
8578
3
14859
0