3
17312
1
28987
2
4945
1
4070
2
-24317
1
-25363
3
-3741
1
-27708
1
-11755
3
24451
2
1383
2
2844
1
1303
3
9102
3
-12690
3
6274
3
29777
2
-19
3
-17002
1
29654
3
-20747
1
-3798
1
18333
2
7824
2
11046
3
32499
1
3529
1
-4038
1
24871
2
9835
1
21915
1
1803
3
-5037
3
-27078
1
7287
1
-8933
3
-25244
1
-25733
2
7830
1
-28875
3
-19652
2
-3421
3
1851
2
4685
2
28891
3
18651
3
-18611
1
-5519
2
30783
3
-25962
1
11887
2
-7958
1
4905
1
12899
3
-22950
2
-23554
3
14222
3
-1708
1
16482
2
-16186
1
-20431
2
5930
2
-21149
2
14194
2
-5870
1
22573
3
20291
1
16504
2
18139
3
-23462
1
13509
2
-32220
3
18047
1
18770
1
-2777
1
28223
2
-13871
2
27590
1
1217
2
17584
3
452
1
24543
3
27860
3
11961
2
-10097
3
30124
1
-20484
2
8672
3
-23468
2
-7964
2
-10046
2
28461
1
-1770
1
1261
3
-28322
1
15723
1
19894
2
-807
1
-12032
2
-18722
2
1315
1
14913
2
24876
1
-32247
3
-6113
3
-2341
1
31892
2
31366
3
-28576
2
29629
3
-22762
2
-22947
1
-30268
1
-21485
2
-19159
3
23521
1
-8359
1
-1447
1
-14341
1
22815
2
20098
1
-9551
1
22032
1
-1132
2
553
3
703
1
-6750
3
12280
3
-7414
2
-15388
2
24153
1
14340
3
17266
1
1179
1
5609
2
-1653
1
-28816
1
-27553
3
9776
1
-21649
3
-10213
3
-18317
2
10858
1
18157
1
20336
3
-21128
2
15357
3
21964
2
-21202
3
16134
1
29365
1
291
3
-18603
1
3261
1
28405
3
-29510
2
-22135
1
32302
2
6530
3
28744
1
-27516
2
-4777
1
19140
3
23968
2
9497
2
-16667
1
-30718
3
-20606
1
25943
2
-18113
1
27942
3
-28718
3
-21145
2
-11111
2
-19030
2
27659
1
3455
2
-11937
3
-23232
3
23079
1
-16786
3
9635
2
-20016
1
7497
3
-13527
1
-17006
3
-14012
2
-21528
1
16525
3
-2726
3
20041
1
-3073
3
-8543
3
-1171
2
14598
1
-28005
2
5058
1
21382
2
-32334
3
29297
2
-23565
3
-1210
2
-26337
2
22214
1
31870
3
13980
2
-19569
3
4310
3
26394
2
11967
3
-22246
1
9596
1
-17772
1
30894
1
-5661
3
23960
3
-17851
2
-25092
2
9600
1
1725
2
-27602
3
-19344
3
-27684
3
9241
2
21371
2
393
2
-5790
2
-26716
3
27438
3
4330
3
27703
3
-20048
1
29980
2
-32193
3
25126
2
-21614
3
30929
2
-25647
3
-12584
2
21825
3
-27472
1
-6829
3
-6920
2
12257
3
30138
3
24624
2
20652
2
-503
3
26106
1
3631
1
25438
3
-24767
1
-25928
3
-8851
3
-2142
3
-22029
2
-815
3
-15275
3
-18618
1
-7475
1
4707
3
-6809
3
6498
2
14458
2
5176
1
-14812
2
24146
2
-27636
1
-15143
2
16445
1
-18039
1
22751
3
2906
1
21129
2
-8064
2
26612
1
-10151
1
-7388
3
-22692
2
-31860
3
-24133
2
-3589
1
-22918
1
-10630
3
8710
2
-8839
3
27450
2
32040
2
16956
3
-12331
3
17746
3
-14815
2
-17998
2
-7270
3
2660
2
18265
3
915
2
-1009
2
31333
1
2643
1
-26201
2
15697
1
-29793
2
-18885
1
27756
1
-7394
2
-6389
1
14701
3
-31749
3
-23604
1
12085
1
-19110
2
-5692
1
8139
3
-7630
1
27970
3
-13736
3
-4810
3
214
1
-11497
1
19003
3
27496
2
-21475
2
-17048
3
-17184
2
623
2
-1218
2
-5515
1
-5268
2
27077
1
16101
2
15129
1
26244
1
9561
3
-14699
3
8810
2
19018
3
23770
2
-15289
2
17491
3
-20735
1
-17334
2
25253
1
13275
1
30547
1
6743
3
-7124
1
25720
1
-31408
3
-14833
3
-2332
2
4952
1
7747
2
29381
1
-3546
2
23070
2
30467
1
-10158
2
6822
1
-16076
2
8896
1
21689
1
-6860
2
-18715
3
30388
2
3441
1
10192
2
-8908
1
-29373
1
-6690
1
32119
2
-28818
1
3930
2
-26549
1
-19476
3
101
2
14034
2
2017
3
-16004
1
20793
1
440
2
-23344
2
11441
0