2
-31054
1
-6966
3
-22274
3
48
3
9373
1
5316
3
-31511
3
8799
1
-87
1
-28604
1
11609
3
4171
1
-11674
1
23516
1
29972
1
-24854
3
-14509
2
32731
3
-680
3
19519
3
4396
1
-11972
2
14479
3
30964
1
1188
3
17735
3
-2989
1
6744
3
-26586
2
-20916
1
-22676
3
-24130
1
-22495
2
27626
2
1037
2
31894
1
17488
2
11567
1
-18762
2
-8975
2
14765
2
-22435
3
6438
3
15872
2
-29943
1
-5090
1
-24037
1
-7708
3
17659
2
20673
1
5655
2
-31896
1
-7837
3
-25503
3
3118
3
23169
1
20955
1
-28729
3
6706
3
-13773
2
-28933
3
29809
1
20
2
-17176
2
23756
1
19778
3
-18660
2
9400
1
8745
3
20076
1
-7436
2
18235
2
-21446
3
16275
2
18541
3
28475
1
14042
2
24106
3
-23425
2
19756
1
15313
2
11381
3
27441
2
-21067
3
7924
1
-10399
2
7730
2
-16921
2
-5129
3
16197
1
-14539
1
29460
1
-2004
2
-12604
2
-32037
2
25988
3
-26324
3
-20660
3
7602
1
26837
2
16410
2
-22338
2
23496
1
-6890
3
-13247
2
-11210
3
16555
3
16127
2
14023
2
29417
3
-8080
3
5840
2
29285
3
2113
1
-8724
3
-27183
2
32538
1
26479
1
32379
3
-30389
3
-26397
2
22496
1
-17278
2
-819
1
21312
2
2013
2
14094
2
-20869
2
23810
2
18622
3
-4729
2
-29951
1
5277
1
-7860
2
-7918
2
31859
3
-31693
1
23713
2
-32235
2
8563
1
11194
1
-6007
2
14690
3
-9513
3
-23405
2
-16187
3
-19066
3
30973
1
17828
1
19505
2
25632
1
256
2
17648
3
27809
1
-30905
1
14454
1
10382
3
12845
3
13642
3
15663
2
1027
2
-29473
3
-25874
1
-25462
2
-16406
2
-10160
1
1758
2
-19069
3
16745
3
12576
3
22817
1
-32065
1
-12285
3
8972
1
-23373
3
-19904
1
-19844
3
-14990
1
5869
1
3247
1
-12171
2
30218
3
-3588
1
11666
3
-10317
2
-3643
3
24680
2
-27732
1
-3964
3
19871
2
-21555
3
4988
3
18878
2
-7379
2
-21485
3
32751
3
27576
3
-13532
2
-6327
3
-20785
2
25818
2
9756
2
27176
2
1320
2
-29139
1
-3023
1
-28408
2
-22450
3
-4955
2
23820
1
20237
3
8489
2
-22988
2
391
3
31933
2
1997
3
-25779
2
-22963
2
1387
3
-10258
3
1057
2
-14085
2
32450
3
-3075
3
-3377
3
-10602
1
-9379
2
-23253
3
10465
2
-27888
2
1725
2
-4366
3
7689
2
-28095
2
27587
3
-12425
3
-4762
3
28697
1
-6704
2
-27273
2
12666
3
4446
2
2380
3
-1853
2
-18081
3
-20047
2
-2060
3
5302
2
6512
1
11651
3
-22093
1
10837
2
-13625
1
-6017
1
23206
3
31638
2
-30242
2
5115
1
-426
3
28395
3
-127
1
-19960
1
-24032
2
-7047
2
-21372
2
-19868
1
15822
1
-24564
3
-6259
2
30739
1
16399
3
31230
3
11510
1
-22779
2
-32361
3
-28163
3
10520
3
32730
1
16380
2
20484
2
9566
3
-30123
2
-15106
2
17693
1
-28644
2
-30901
2
-22937
2
3821
2
-25342
1
20250
3
27280
2
9101
2
11407
1
377
1
23349
1
15106
2
18657
3
7031
2
11969
3
26144
1
20552
3
32481
2
21535
1
-7372
1
-25721
1
24274
1
-23194
1
3181
1
-25312
1
-19514
2
-25033
3
18639
1
-15632
1
18082
1
7415
3
-23629
2
-10529
2
30513
1
18940
2
1556
1
-7297
2
30274
3
-8434
3
-26061
1
-28636
1
-7297
3
9191
1
-10348
1
5946
3
-627
2
9601
3
-5340
2
6829
1
14348
1
-24676
1
4976
1
-26223
3
-6510
2
13771
3
10334
2
26599
2
3854
3
-7540
2
29616
1
-30945
1
-22411
2
-30139
2
-16406
1
-29701
2
26349
3
31669
1
-14049
1
-28874
1
-19638
3
24449
1
22769
1
-22704
1
2166
3
-26735
2
1385
1
21547
1
16184
2
-23004
3
20565
3
-11439
2
-27050
1
22552
3
6825
1
13289
3
-4912
3
-20438
2
10747
1
-18749
1
-30295
1
24064
3
-23303
2
-29923
1
23431
3
-11730
2
23733
3
20969
3
18121
3
23873
1
-10963
3
3277
2
-7826
3
12693
2
6933
1
16331
1
21476
2
-22171
3
14875
3
-16005
3
-8408
1
-28623
2
-5076
2
-6438
1
8286
3
12505
1
-24493
3
2592
3
21374
2
-22691
1
29672
2
6154
1
32623
1
-28362
3
-20198
3
3404
2
-32066
1
-27642
1
25159
3
-17872
1
-11752
1
-11695
3
-9550
2
-19912
2
16453
3
23803
2
12020
1
-16550
3
-9398
3
26805
2
-15089
1
1130
3
19625
1
4709
2
6358
3
396
3
20356
2
-17335
3
28887
3
29698
2
6000
1
-26396
1
-12381
3
-29415
1
-11204
0