1
5766
3
-18711
1
-31734
1
26706
3
16774
1
-2057
2
5747
3
14612
1
11125
1
-19272
2
25426
3
-20559
2
-6056
2
20161
1
9382
1
-1919
1
29438
2
-27151
3
6149
3
-8697
3
-13642
1
-29214
3
11780
1
-4054
2
28186
2
21459
3
31066
1
26216
1
-21098
3
-18718
3
-2547
3
-13454
3
4548
2
-15237
3
6138
1
-22639
1
-26784
3
26118
3
2518
2
2097
1
-16943
1
24462
1
-3254
3
17886
1
21588
1
18513
3
11642
2
5528
3
18486
2
333
2
-15892
2
6067
1
-12789
2
23446
3
11859
2
11161
3
4261
1
-6318
1
-21939
2
-29478
2
-13353
3
-467
3
31764
2
17291
3
-11429
1
22937
2
7580
3
26631
1
7725
1
-21266
1
23020
2
-3776
3
-27288
3
-24315
2
953
3
23912
3
6103
2
4002
3
-3704
1
16202
1
-26053
2
22827
3
31241
1
9511
3
2735
1
-28693
2
-5080
2
-25495
2
-13239
2
25694
1
-5291
1
18839
1
13042
2
30859
3
-24510
2
5277
2
-26063
1
16803
1
-2194
2
4159
3
-11734
2
-30333
2
21506
3
18968
1
-6387
3
13377
2
15151
3
-14457
3
-19459
2
28065
3
22517
3
-16578
1
-4322
2
-5547
1
-15707
2
-27680
2
4354
1
-31349
1
4197
2
-5895
3
19772
2
-24303
1
18081
1
-27490
1
-20390
2
-19275
2
-29131
1
24371
2
-5505
3
9066
1
21108
1
1903
3
-16065
2
-12712
1
25370
3
-13242
3
5984
3
-4535
1
29270
2
-17445
3
28322
2
-13304
1
-9352
3
991
2
-2315
1
-1496
1
26367
2
17522
3
-805
3
21107
1
32557
1
-24921
1
-25609
2
17806
3
-20978
1
29463
2
10259
2
-8262
2
-15268
3
-17638
2
15824
1
-6835
2
-30244
2
-7301
3
-2301
1
-19758
1
28972
2
27858
1
-5866
1
-5624
1
12462
3
-27418
3
12069
2
-3745
2
21577
3
-16182
1
14302
1
-4102
1
17516
1
5563
1
20294
1
24739
3
-28837
1
19736
2
20055
1
8330
3
-21516
1
1452
1
-2587
2
-19582
3
-5151
1
-12242
2
-30564
3
-24397
1
-9770
1
15899
2
25470
3
-4755
2
-21560
3
-30267
1
15040
2
31874
1
-16387
1
-2170
2
9502
3
16269
3
28790
1
12950
3
17459
2
-3206
3
12776
2
17276
1
-30
1
23697
3
27906
1
13337
2
-6318
1
-27471
1
-28102
2
-1725
1
-9585
3
19598
1
4867
3
-8715
2
-3799
2
27013
1
16420
2
22275
2
-674
2
11455
1
-30513
3
-19711
3
13479
3
28640
3
32283
1
-1538
1
19498
2
-2190
1
-7884
3
-17290
3
29818
2
-9857
3
25568
1
-6550
2
12737
3
-684
1
-25630
1
-20029
2
-1324
2
20232
1
-30714
1
14328
2
4043
3
22724
3
-13416
1
9239
2
13471
3
-23479
1
-24891
3
17523
2
28431
1
-12934
1
241
3
-27680
1
-15755
3
1070
1
-9249
2
-28991
1
-13504
1
-3850
3
-26924
3
-3785
1
9016
3
15416
3
-2892
1
-920
1
-2463
3
-28777
3
-22751
3
4545
1
-26633
1
-23347
3
4699
1
4355
3
444
3
23269
1
-25707
1
-15485
1
24300
3
-22542
3
-25295
2
16098
1
-9512
3
13544
1
23486
2
17019
2
-5922
3
13015
2
28784
3
29073
2
11906
3
-10211
1
-2655
1
-7201
1
8897
2
19650
3
13584
2
14452
3
-15907
1
-15186
2
18928
1
7234
3
-157
2
-16479
3
31198
1
-6382
3
17333
3
-7370
2
-3942
2
25768
3
22956
3
-9733
1
-15296
3
-32516
3
510
1
-24379
1
17257
2
-6862
1
-15171
2
-19813
1
-20017
3
22731
1
-6707
1
29206
0