3
2325
1
-6120
3
-8759
1
-227
2
25511
2
27207
2
10956
2
8626
2
29193
2
32441
3
-347
2
30290
2
-25200
1
8267
3
-25074
1
8138
3
19629
3
-14445
3
-12512
2
-7276
2
-9708
1
19690
3
26123
3
15166
2
21877
3
28196
3
1382
3
-23741
1
-11327
3
-6291
1
-13885
2
5788
1
13844
3
2160
2
5207
2
-5880
1
-19079
2
-17630
1
32198
2
-31336
3
9632
2
-29110
1
-15814
2
-10622
2
23460
3
-11070
3
-18602
3
23975
1
-4540
3
-21447
3
-29287
3
-3262
1
4117
1
-7137
3
-24103
3
-26133
1
-9700
1
8041
2
-9555
3
2926
1
19200
2
21337
1
-14682
2
24166
2
32294
2
-545
3
17940
3
18242
3
-30690
2
19356
1
-9700
3
-13440
2
-5526
2
15625
1
30637
2
3453
3
27599
1
-6284
3
4849
3
9221
3
5016
2
-27575
2
-18058
2
25029
3
10682
2
12870
3
-17824
3
-11005
3
27713
2
26693
2
-14370
1
-15856
3
6724
2
-26028
3
-10441
3
31399
3
-31348
3
-14205
1
13997
1
-5674
3
20902
3
6497
2
23397
2
-7423
2
-2230
1
21424
2
-15569
3
29737
1
8486
3
27345
2
30280
2
13539
3
-8015
1
20533
2
7784
3
1876
2
5649
3
-13377
1
-6414
2
-9974
1
25849
2
23493
1
-28833
2
10711
3
-13954
1
-27329
1
-31082
1
27452
2
-1003
1
-14700
3
28220
1
5675
1
15613
1
-14158
1
-24054
3
-7088
1
-22809
2
-12027
1
22268
3
2395
2
-30824
3
-31766
3
-10818
2
-10367
2
-30875
1
26238
3
-16234
3
-3038
2
21335
3
12431
3
-28957
3
-9368
1
4779
3
9318
2
-20921
3
26319
1
2377
1
25216
1
32722
1
-3577
2
29824
2
11899
1
-6630
1
-26061
1
31777
1
-16862
1
-19351
2
26599
2
-16048
2
-23666
3
31146
3
10418
2
-2235
2
26336
2
14903
1
8360
1
-21062
2
-14138
3
-15027
2
-31943
3
15317
3
-8810
3
28286
2
10615
3
17528
3
-7871
1
-2591
2
-14389
1
2739
2
-7136
3
-4274
2
29360
2
30145
3
25501
3
30163
2
18112
1
19089
2
-18339
3
9083
2
11592
3
24006
3
1667
1
19556
2
-23863
1
-25865
1
-23847
2
18009
3
-12956
1
8284
1
15054
1
-9342
3
21136
1
19786
1
1373
3
-14738
2
-24218
3
-5767
2
-5378
3
29770
1
-10149
1
23766
3
20968
3
9919
1
27385
3
29806
2
-18719
1
-11778
2
17234
2
-28113
1
-12366
3
-32160
2
-10301
2
18831
1
9258
1
5111
2
30339
2
22536
2
23686
2
-27051
1
30376
2
-1118
3
1815
2
-16899
1
23188
3
-737
3
21521
3
-14785
2
-16954
1
27798
2
-4249
3
17061
1
-28430
1
4093
2
-2901
3
-25938
1
-30857
1
29780
2
-3392
3
-11507
1
7022
2
5416
3
23202
3
32580
3
16015
3
-5114
1
-15328
1
7340
3
30476
2
6900
2
-4308
1
-28127
3
17373
1
-18355
3
-9129
3
-7045
1
-18986
1
-15472
2
8592
1
9081
3
-25030
3
30818
1
-21625
2
-19133
2
646
3
22660
1
-2994
2
-30425
3
25670
3
31520
1
-24346
1
-29011
1
8546
1
4312
1
29913
2
2868
3
-7649
1
27379
3
-2596
2
30454
3
17764
2
-15109
3
-18431
2
15339
3
26370
2
-18498
3
-18240
2
-9618
1
9905
3
20320
2
-24669
2
-29690
1
22443
1
-30568
1
32024
3
23738
1
19300
1
-21505
2
7019
3
-28056
3
-22669
2
21895
3
17395
3
2211
3
-19885
2
-16481
1
12468
1
-26595
3
24956
3
-29618
3
-30504
2
-7461
3
19966
2
-13105
3
28623
1
-18561
1
-4919
2
-20345
2
14629
1
29243
2
19736
2
-25977
3
-16989
2
-1409
2
22207
1
-23854
2
-8756
1
8717
2
-11679
1
23622
1
6346
1
-27958
3
29632
3
7327
3
31800
2
174
1
-570
3
-31569
1
3158
3
17876
2
8002
1
-17578
2
10769
3
-19441
3
-23907
2
26085
1
8657
1
11126
3
16508
3
3766
1
25402
2
-11092
3
5853
3
-12378
3
-7528
2
-27027
2
-31164
3
19543
1
2053
1
-19948
3
-20607
1
13567
1
-17314
1
-27283
2
24307
2
10409
3
-15518
1
20686
2
-26872
2
11418
1
-8477
1
-12285
3
18820
1
14815
2
25793
3
-6102
1
10677
3
10892
3
8012
3
-5154
1
-28780
1
25721
2
28699
1
-14772
1
21502
3
11607
3
-7303
3
-5498
1
6756
2
-25208
2
-5668
2
8699
2
-21479
2
20994
2
-869
3
32410
3
-23404
0