2
-29864
2
18214
3
19037
2
-13298
2
16753
1
12544
1
32464
1
9437
3
-8033
3
9951
3
22514
3
-19258
3
-24765
1
-26244
3
28190
1
5843
2
-17269
1
-30481
2
-5529
3
-18145
3
24201
1
-26914
3
8296
2
4341
1
24385
2
1928
1
7356
2
28547
3
32161
2
-7897
3
-17711
3
1020
2
-7310
2
-12089
2
22766
2
9224
1
2166
1
28806
3
-25253
2
27055
3
-12799
3
-32496
2
26704
1
2858
2
-31344
1
27395
2
-22389
3
-466
1
166
1
18686
2
-32052
1
6490
3
-1108
1
21097
1
11633
3
-29064
3
-10390
3
1349
2
-9933
1
22260
2
1002
2
-1422
3
29528
1
-23785
2
-29168
1
-888
2
6126
1
-19967
3
17271
1
-15970
2
-29980
1
7036
2
17777
2
20409
1
-8071
1
-1168
3
3977
3
-22349
1
22431
3
19283
2
-11476
3
-24392
2
-2119
3
1949
3
21528
3
-4821
3
5355
1
17567
3
-18557
1
-19010
3
-1802
3
-31780
3
-1853
2
-10367
1
-1707
2
-3586
2
-23016
1
-53
2
6194
3
29467
3
-10059
2
-17540
1
14306
3
-19629
1
24835
2
-16360
3
-2451
2
23554
2
-21552
3
25058
3
-13370
0