1
23387
1
-29297
1
24239
3
11755
1
-1940
3
9263
1
21308
1
-14514
3
-17964
1
28425
2
15394
1
9233
1
19879
2
-29239
2
-4197
3
-9154
2
-14108
1
20272
3
-10361
1
-6533
3
17003
2
-30180
3
12490
2
12386
3
21312
2
-14994
3
31826
1
-32731
2
11861
3
26381
3
-32139
3
32650
3
-16524
1
-31005
3
8073
2
-30612
1
20430
2
2718
3
24206
1
-15276
3
25974
3
16080
3
-14743
1
-23781
1
23676
2
15819
3
-11853
1
-15735
3
-1540
1
-28227
2
-5112
2
-9386
2
15949
3
-19688
3
-10030
1
-11190
1
18365
3
27030
2
6501
1
-11325
2
-19506
1
19032
3
11569
2
-15996
1
-361
1
-32534
1
29263
2
-3564
1
-25668
2
21809
2
-25553
1
-5943
2
6248
2
-15880
3
-16909
2
-27368
1
23867
3
30311
3
-8338
1
-18377
1
-30659
1
6245
3
6352
1
-19155
3
18861
2
16524
1
-31392
2
-24785
3
17622
3
18556
1
28949
1
4652
2
-2299
3
-22141
3
24426
1
22464
1
-474
3
-17103
1
-30996
1
7935
3
10273
3
4552
3
27435
3
-21098
2
8880
3
-21941
3
-11891
2
-20948
2
-28936
1
-26481
1
-18772
1
3563
3
-23275
2
-15364
2
11664
1
16067
1
-1596
1
4033
2
12348
1
-15234
2
15916
2
-13634
1
26978
2
-22388
2
15592
2
24571
3
3801
2
-28774
2
14752
3
7366
1
-17372
1
-5820
2
-18742
2
27372
1
19999
3
-12514
3
4263
2
-7653
1
-30711
1
25933
1
5529
1
-5756
1
8378
2
8853
3
-8897
2
-8880
3
24222
2
17546
2
-24806
1
-920
1
31274
1
3880
3
25563
3
20875
3
-15740
2
22409
3
-23088
1
2433
3
-5094
3
-276
3
-15067
2
7912
2
8542
1
-21711
3
10677
2
14315
1
246
3
29980
3
-25982
2
18515
1
8312
1
8487
1
-13089
3
19714
1
-7592
3
14215
3
-11274
1
11379
1
-22505
3
-28972
1
-10254
3
14801
2
7728
1
20414
1
25211
1
14445
2
-29648
3
7311
2
17440
2
30995
3
-2427
2
-16865
2
-5101
3
20626
1
6952
1
26436
2
14258
1
-9566
3
24169
2
6191
2
27966
2
-26599
3
18276
1
-29377
1
18865
1
-17807
3
-5976
1
-8735
2
-15564
3
-8247
2
-21489
2
-22923
3
28879
2
4274
2
31928
2
-25464
1
-18470
3
-12935
3
-4524
1
6032
3
20931
1
-13317
3
4301
2
-5846
3
14994
1
-18679
2
9093
3
-15560
2
-21926
3
-11409
2
-1493
3
-10957
3
-5277
2
30660
3
643
1
12533
2
18781
2
-739
1
-16163
1
8611
2
-20813
2
-28556
1
-29146
3
18274
2
-13438
1
-26713
1
-648
2
-16237
3
24733
1
1552
1
27281
3
4036
3
-4900
2
18622
2
16254
3
-30440
1
-10055
2
-6343
2
-26530
1
9172
2
-9402
3
-20238
3
14290
2
13329
3
2686
1
5682
1
-19871
3
226
2
-6259
2
-5127
3
-1410
1
15868
1
13000
3
29634
3
14516
2
2178
2
-2927
2
2323
2
13731
1
-22520
3
-7712
1
-21046
3
-11144
1
21256
2
-12066
3
-24915
1
-26844
3
-10812
2
-18988
1
20174
2
-21468
1
32585
1
-67
3
-409
1
10347
2
-28354
2
26413
3
-12762
2
4660
3
1699
2
-2081
2
-11505
1
-1851
3
-13430
2
2427
1
22469
1
8969
2
-18060
3
18630
2
-30915
1
4778
1
-1027
3
-15446
2
2477
1
-25042
1
-2250
1
-17926
3
17199
2
29506
2
9359
3
-32013
1
-14952
2
-31210
2
19974
3
5500
2
-11270
2
-4628
3
-15278
2
5871
1
-1863
3
25231
1
330
2
14723
3
9488
3
15134
2
-7650
3
-11670
2
-13698
2
-23264
3
-2767
1
797
2
-11136
3
-25730
3
-21667
1
-809
1
-15056
2
6735
2
-31252
3
-17575
2
8724
0