2
8922
2
22276
1
17722
3
17894
3
14075
3
15412
3
-24325
2
-237
2
970
3
9353
1
-11315
3
8295
1
1055
3
-24520
2
21676
2
-16083
1
5654
3
8699
3
22062
2
-31326
2
10036
1
-6607
1
2711
1
-21172
2
28859
1
18499
3
-7963
3
30508
3
881
3
12699
3
-11806
1
-28365
3
-22135
3
28085
1
-20855
2
21868
3
16622
2
-10725
2
19009
3
-2012
1
28467
1
25161
2
26316
2
-32337
3
-4022
2
-12751
1
19142
3
24121
1
-4805
2
1991
3
9843
3
3495
3
-4651
1
-20456
1
-15896
3
-7093
2
-23671
2
18119
2
-21623
1
21100
1
-2721
1
26294
1
-29380
3
5308
3
19009
1
-1771
2
18946
3
22090
3
-26030
1
-13368
3
-5546
3
-16943
2
-24416
3
-3344
1
12060
1
-12391
3
-10452
1
17081
3
-20232
2
865
2
-30746
1
29555
3
21804
3
-200
2
30539
1
32075
2
-29601
2
27494
1
-18588
1
-3671
1
1496
1
-26943
1
2373
2
26084
1
11217
3
920
2
27030
2
17665
1
12399
1
32524
3
-4575
1
7769
2
14340
1
-3324
1
3261
3
17177
3
28457
1
-3724
1
-11290
1
-17915
2
15642
3
29088
3
10009
3
8824
1
16367
2
-28141
1
-8940
2
1257
3
24164
3
2970
2
-10726
2
22936
1
19619
3
30616
3
-14390
1
-27297
1
12370
3
-6161
2
31211
1
-26904
1
2715
3
-15972
2
-6356
1
5387
3
-595
1
776
1
21037
1
-14181
2
-7931
3
20481
3
15035
3
-19214
3
-20840
2
-17981
2
-14167
3
20969
3
23325
2
-15724
3
12692
2
-20923
3
-19204
2
-19136
2
1057
1
-7214
3
-6516
1
17905
3
5666
2
11949
2
-6644
3
-3892
1
2426
3
23428
2
22104
2
-18392
2
-17
1
11195
2
-24114
3
-20693
1
31380
1
-26821
1
15725
2
-27636
3
18393
3
24490
1
4676
1
21417
3
32019
1
-28450
1
23912
3
28520
3
-225
3
-16592
2
-15307
2
31737
2
2063
2
1497
3
-11261
3
-27958
3
-8524
3
-24452
2
9499
1
24898
2
-15280
1
26990
2
-15772
2
30051
2
-19872
1
-11728
2
28380
1
4287
1
16855
2
-66
2
14503
3
-1099
3
3499
3
-27190
2
-4037
1
-22583
2
29691
2
18005
1
-16848
2
4431
2
3883
3
18803
1
24394
1
-1087
2
-2687
1
22218
2
-10897
2
13467
1
23390
3
21927
2
20316
1
-19293
1
31724
3
-20912
1
-12718
3
6680
1
1614
1
-7869
3
-14597
1
2763
3
14068
3
23535
1
27183
1
-5350
2
28901
2
3172
3
-22798
3
6743
3
-11570
1
25154
2
-27441
2
26321
1
6205
3
16138
2
29708
2
20736
2
-15390
1
-12029
2
-3627
2
-22587
2
4775
2
-21884
3
-6458
1
17486
3
-3950
3
-29024
3
-30863
1
-12018
2
-14987
2
-3684
2
-26147
2
-29851
1
-19388
1
-21845
3
14536
2
-21795
2
-5859
1
-16247
2
-11070
2
-245
1
5711
3
-30497
2
-30590
2
22780
3
-25746
1
29633
2
2351
1
2479
3
28869
2
18331
1
8479
2
26689
1
-10492
1
-29664
3
-19438
1
-11945
2
-17090
3
21040
3
-2203
2
-10753
1
21261
2
-1502
2
20889
2
-14733
2
6744
2
21177
1
14532
2
-18096
1
-6408
3
-7807
2
-20667
2
4250
3
15859
1
20964
1
27973
2
114
3
21418
1
-5373
1
-26694
2
-23084
2
17689
2
-26587
2
4051
3
-107
1
-6161
3
-15111
1
12473
1
-10431
2
13856
2
-14796
3
19587
3
15971
3
24772
3
24156
1
24747
2
20784
1
28919
1
-18316
1
1810
3
-7034
1
6511
2
16411
3
-29382
2
2039
3
13484
1
-14401
1
-27577
3
15565
1
-20205
3
-12063
2
18892
1
-10680
3
-28681
3
-29756
2
16710
1
3199
1
2851
1
5192
3
23307
3
29674
2
-16347
3
10057
3
-21110
3
-23571
3
2785
3
-22719
3
-4804
1
19119
3
-30269
2
18919
3
11677
1
4066
2
-7962
3
-24930
1
-15990
2
-15961
0