3
18555
3
-9444
2
26770
1
11880
1
25707
1
-19859
3
-18558
3
-667
2
-29965
1
3366
1
20869
2
24814
2
-11769
3
-22374
3
-27481
1
2044
3
-11229
3
-6397
3
-27102
2
17359
3
-21361
3
24908
1
2833
2
28403
1
-11449
2
15588
1
3227
3
-2045
2
4542
3
18037
2
-24428
2
1761
1
9315
1
-29925
3
27446
2
27325
1
14887
2
-8812
2
28238
2
-16551
2
30492
3
23265
2
-23497
3
4266
3
-23287
3
10768
2
30692
2
-22356
1
15523
2
-1633
2
-21041
1
-27600
1
-14886
2
9546
3
3856
2
-23207
3
17303
3
-7489
2
4891
1
-25213
2
5457
1
-29564
2
24694
3
16643
3
-25581
2
-5445
3
22007
3
-4140
3
10273
1
17739
3
26663
1
-15705
1
-19207
1
7448
1
-29
1
918
1
30345
1
-14397
2
-23651
2
17322
3
-9790
2
15091
3
3341
2
30731
3
1343
2
16698
3
-18253
1
-24815
3
17498
2
-4764
1
-26809
1
25363
1
30593
2
-5752
3
30885
1
22515
1
14203
3
20530
3
29763
1
-32422
2
-24640
3
21660
3
22152
3
30427
2
7123
3
27741
2
29880
3
27692
2
6591
3
23323
2
14309
3
31842
3
25279
1
-29193
1
17947
1
-29030
3
-3704
1
-28531
1
-21203
3
23644
3
15097
3
-27259
2
-23137
2
28022
1
29284
0