1
15454
1
-8089
3
24783
2
-26989
3
-21928
1
9256
2
-13259
2
23226
3
14905
2
-9144
1
15676
2
-23328
1
28794
2
-12133
1
24157
3
-13887
1
-5360
3
-23717
3
21818
1
-21718
2
-24795
3
-18833
2
28245
3
25740
1
26564
3
-482
2
32272
1
14290
2
-6061
3
6068
3
-11708
2
18240
3
-8652
1
21459
2
9111
2
-30322
1
-16271
3
27036
3
7422
2
-22076
2
10230
1
-7632
3
-15325
2
-26821
3
-11105
1
3113
1
26386
3
15310
2
-28635
2
-8217
2
3643
1
-28873
2
8162
2
7188
2
7964
2
-13245
1
-1004
1
-8503
1
-32228
1
27640
2
-14998
2
14202
2
4060
1
13123
3
29065
1
20008
1
12678
3
-15671
2
-23379
1
-22219
1
1089
3
22766
3
21405
1
27152
1
-2000
3
-29675
2
-3320
3
-22809
0