3
24860
1
-21552
1
32237
2
-9464
1
29242
3
-23739
1
24382
2
-26217
1
-28951
2
-25611
1
-4903
1
-28127
1
-21397
1
-16787
2
-5325
1
-9612
2
24119
1
21237
3
-2079
3
22738
1
4960
2
6141
2
11489
1
-21069
3
20226
2
-25182
3
-9221
3
26
3
-26902
2
6672
1
24743
1
12829
1
1924
3
-3424
1
6494
2
-8514
1
23343
3
7628
2
-11475
2
-22673
2
11367
2
-29089
1
-27136
1
7971
3
11662
1
24605
2
13168
3
-7724
1
-8109
3
15895
1
-2794
1
25285
1
-24157
3
6034
3
7060
3
-32251
2
8967
1
-6929
3
1612
3
-22229
2
30917
3
19593
1
-2113
3
-8628
1
26326
2
23216
3
20854
3
13127
3
-18908
0