581
2
-133
1
-26500
2
3684
2
-10934
3
-29660
1
-2959
1
15960
3
21390
2
-15528
1
902
2
18370
3
-383
3
640
2
21260
3
-30061
2
-28649
1
-29247
3
-3482
3
4739
2
-25111
3
21810
3
-5958
2
29311
2
15704
1
24461
1
21126
2
1193
1
-18489
1
435
2
8741
3
18155
1
-12111
2
3272
2
32589
3
-25679
2
-27512
1
680
2
13179
1
-22509
2
-31612
2
21891
3
18102
2
-15430
2
498
3
22242
1
-8305
3
29350
3
20647
1
-20250
1
15478
3
-2519
2
25120
3
20556
3
8300
1
-31082
1
18333
3
1599
1
19649
2
26124
2
13029
3
138
2
23156
1
25900
3
15480
2
27548
1
22113
3
27179
3
-21393
1
19676
3
1244
3
-13776
1
28634
1
18689
3
-6627
2
-4287
2
-9958
1
-2606
3
28824
1
-22219
1
-32528
2
7687
2
-29019
3
-15549
3
-28244
1
11078
2
-27617
3
7410
3
-29399
1
-11324
2
13834
3
-21453
1
-9603
3
-13870
1
911
3
15037
1
-10427
2
26177
1
-26528
2
-27817
2
25058
1
-29469
1
13266
2
-83
1
1040
2
-3579
3
-7567
3
-5027
3
17839
1
-12324
3
25740
1
-32419
1
-17535
1
9839
2
15816
3
-24859
1
-17007
3
25391
2
21491
1
19063
3
-11208
2
18075
3
26114
3
30071
3
29717
3
6418
3
-13205
2
2423
1
24588
3
-5798
2
-15487
3
-17903
2
26199
2
30060
2
16489
2
-28672
3
-27254
1
73
3
-3193
2
-121
2
-18868
2
13304
1
-15185
1
7289
2
23892
3
18543
3
-22671
3
-25378
3
28399
2
2591
3
-3030
1
26934
1
30799
2
-17439
2
-6755
3
6564
2
14312
2
-7363
1
-28334
1
7363
2
17238
1
-20466
2
7260
3
-1608
1
6895
3
12011
3
11411
3
-20369
1
-29663
1
3023
2
-986
3
-25771
1
25950
1
-31892
2
20800
1
-2002
3
8950
2
19333
3
-12399
2
-28594
1
11081
2
-7200
3
8232
3
-8891
1
15101
2
-6386
1
-6546
3
17853
2
-7993
3
-24620
2
-24409
2
28866
1
31269
2
11849
1
-586
1
-1354
2
13325
3
-32754
1
-23928
3
10368
3
-5
2
-17071
1
-27462
2
-3952
3
-22462
3
3839
3
3796
1
-485
2
23586
3
22176
3
-7996
2
-7114
1
10351
2
30742
2
-23424
1
13898
3
23608
2
-10783
2
26260
2
-8884
2
10549
3
-22694
2
-22686
2
-27379
2
-10549
2
9066
1
22697
2
-22925
2
-29201
2
7195
1
5244
1
-14899
3
22442
2
12362
2
2675
1
-28233
3
-17750
1
-17831
2
-32151
1
1874
2
-10331
3
-10885
3
3908
3
3405
3
24501
3
-23831
2
-14004
3
-26513
1
-12863
1
-14296
1
24231
2
-9692
2
27532
2
16560
2
-17719
1
19908
1
-6190
1
-21756
2
15237
3
19011
2
25524
3
4370
3
12714
3
-26544
3
-22129
2
26133
3
20476
2
-21152
1
23775
2
-17239
3
-22548
1
-2981
1
-16032
2
-27579
2
6504
3
-7292
3
20760
3
-21014
3
-742
1
-22596
1
10126
1
21588
2
5466
1
26308
3
-11753
1
-31769
2
22984
1
-26719
3
-23684
2
26755
2
29360
0