1
-22257
2
8106
2
29356
1
25446
2
-8078
1
3733
2
-23804
3
-2645
1
-14754
2
-12967
1
-22370
1
-9401
1
22237
3
-8787
1
-16615
3
14489
1
17307
2
-17201
1
-18138
2
-9517
1
-558
1
-16447
3
16712
2
-27414
2
12435
3
29869
3
2892
1
31874
2
-27132
1
27564
3
31507
2
-7710
2
-28009
2
-9308
2
7585
3
17854
2
-635
2
9841
1
26534
1
11654
2
31840
2
11962
1
-8636
3
17586
2
23982
1
7080
1
30363
3
14170
3
25648
1
-26158
3
9389
1
18365
3
19827
3
-18152
1
-25463
2
-1193
1
-27308
3
9080
2
-21608
2
-14946
3
29971
2
-26623
2
17177
3
-4781
3
11507
1
-22489
2
-17796
2
-13118
2
24943
3
6678
1
-24956
3
-11157
3
-21339
2
-1796
2
1703
3
-15268
3
-9270
1
-12701
1
15000
2
-26665
3
18173
2
-10542
3
-13002
1
12485
2
-31722
2
-15570
1
11149
1
-19964
1
-10724
3
-2718
2
-25840
3
18499
2
16026
3
-23116
2
-25792
1
30789
2
9597
3
-21469
1
6989
1
23947
1
-6389
1
-10737
2
14127
1
-28802
1
-9866
2
-18483
2
32316
1
-29399
3
20129
3
-13322
3
-21135
3
1465
3
9038
1
10286
2
24862
3
9763
1
26226
1
9049
1
8114
3
-12234
2
-1952
2
-9656
3
-18045
3
21634
3
-15635
2
18304
1
21293
3
-2639
1
-674
2
-11721
3
-381
2
32608
2
26999
2
-6848
2
31619
1
209
2
27865
2
28254
3
-6792
2
-246
1
-23379
1
4645
2
3099
1
8652
3
-21335
3
18429
3
-22700
2
-2363
1
491
1
5580
1
5930
3
1441
3
19322
3
4624
1
28946
1
13170
1
-29081
3
-15684
3
1824
3
-23763
2
21497
1
-29375
3
12645
3
8459
1
-25319
2
17744
1
-23399
2
12519
1
28078
3
12271
3
-22440
3
17567
3
-27105
1
-29388
3
-31048
1
12336
3
-829
2
3650
1
401
1
7932
1
-5035
2
-25744
2
5775
3
-31846
2
20889
3
1496
2
-31498
3
24061
3
20052
3
27374
3
17863
3
-7446
1
-2859
3
-21746
3
31327
3
28561
2
30712
2
23494
2
-14571
1
-19935
3
15654
2
-1448
3
633
1
-20536
1
27923
2
-2336
1
23740
2
8346
2
6422
1
-32064
3
-27609
1
-7254
3
14716
1
6512
2
13542
1
-3181
3
30988
2
-15280
2
12107
3
18879
1
-19292
1
4736
1
-28414
1
-19779
3
17920
3
21200
3
-8246
2
-28282
3
-17552
3
-5611
3
-884
3
26805
3
6243
2
-17626
2
8987
2
-13080
1
19522
3
-5794
1
-24018
1
23217
1
-29565
3
7694
1
-26825
2
23372
3
27389
2
-12378
2
-5987
2
-8727
2
-29344
1
22946
1
-12370
3
-11326
1
-28863
3
32234
2
-12982
1
-14171
2
13834
1
-18043
3
-21757
3
-23053
1
29971
1
8909
3
11355
2
12604
2
-190
3
23220
1
-12670
3
-32692
1
-19202
2
-23069
1
3973
3
25064
3
-14570
2
32741
1
-9012
3
-9638
2
-4406
3
-10019
3
-4539
3
-17965
1
-8144
2
25448
3
-16012
1
4638
1
-29448
3
-23265
1
-1412
2
5246
1
15039
3
-21844
2
-6251
1
-4337
1
-30470
2
27253
1
3850
3
-24095
2
578
2
-2115
1
-27402
1
-28928
3
25038
2
31662
1
14480
1
4313
3
-22107
1
3623
1
18000
2
-9093
2
18144
1
-25882
2
-18503
3
3199
1
15387
3
-31878
3
14647
1
-29386
1
-23928
3
-18118
1
2118
3
18928
1
10046
3
20232
3
-31607
3
20897
2
-23823
2
15415
2
-3688
3
-8803
1
24346
3
16069
2
-5472
1
-7802
2
-19578
2
-3366
3
1991
2
32125
1
-4960
3
29400
1
-2883
2
-7076
3
1250
3
536
1
-22278
1
-1455
1
-17614
3
-27167
2
14145
3
32122
1
16601
3
-28045
2
-19729
1
16706
3
18743
1
8898
3
6204
2
-4539
3
30103
1
22810
1
-18499
1
19173
1
-8215
2
-23298
2
31300
1
18818
3
-29850
1
-27055
2
24745
1
18573
1
-25745
2
17534
1
-12378
3
-10941
1
723
3
-28643
3
15322
3
22055
1
-30186
1
19214
1
21615
2
-26145
1
31590
3
30921
3
-14109
3
3022
2
-12094
3
26388
2
13413
3
7204
1
-1762
3
14098
1
1254
1
24109
2
31290
2
18254
2
-28735
1
14556
2
-29821
1
-30039
2
-22617
3
-4686
2
-18866
2
28757
3
-1499
1
-9178
2
22724
3
9962
3
-9209
3
14152
1
13441
1
-6263
2
-14696
2
-21236
2
10914
2
-21226
3
-4497
2
5801
1
25355
2
-13428
1
-2254
1
-15004
1
-28573
2
-24209
3
20702
1
-28084
1
32187
3
-13708
3
8987
3
-28304
1
-17529
2
-29637
2
-14911
1
-2922
1
-6357
3
4184
2
-27860
1
-26875
1
16176
2
3264
1
-24889
1
-7082
3
-23990
2
-10824
2
5589
1
-23462
1
-15914
1
7998
1
-9271
2
31277
2
-13661
1
25841
2
-22441
1
-12463
1
20915
2
22135
1
-9878
2
13644
2
-30501
3
-9787
2
-28713
2
-16800
2
15824
2
13621
3
-27158
2
22332
1
22762
2
730
3
9124
2
2474
3
20944
2
-29382
3
25628
2
21510
0