3
-26604
1
-20179
3
32084
3
-6100
1
-7878
2
1083
1
18878
3
-25911
1
2666
3
31169
3
9822
3
-28156
3
-23832
3
-7487
1
-21577
3
22314
3
17977
1
-5264
3
-5163
2
-31197
3
13224
2
17870
2
-10858
1
-674
2
5320
2
-11465
2
-778
1
-30444
1
-31701
2
6189
2
4127
1
16627
3
-31300
2
2941
1
-18548
1
14201
1
26808
3
-27601
3
31403
2
15486
3
2201
1
26931
2
-9276
2
7892
3
4107
2
27629
1
-27653
2
-8662
1
19205
1
-6802
3
-24460
3
14970
2
-18408
3
-12432
3
23675
1
-4022
1
-29611
3
-6447
3
-5533
3
-26247
1
-25398
3
17111
1
19007
3
-20010
1
-15651
2
2716
1
-29501
1
-30525
2
-20727
1
-15652
1
-14966
2
14220
2
17556
1
-17547
3
24573
1
28144
2
11726
3
-30981
2
10084
1
2698
3
16992
3
-2173
1
-1573
1
14012
1
-7772
1
2422
2
-5341
3
-10347
3
30035
2
-18871
1
-31329
2
5312
2
24589
3
5988
3
-9826
3
24866
2
4614
1
-7021
1
27571
1
-19089
2
-27279
3
-19126
1
-28966
1
32566
2
757
1
25984
1
-9718
3
27697
3
27851
3
-28664
2
-17213
1
-18902
3
-6032
2
-8551
3
-28869
3
-21536
1
-12793
2
-32252
1
10473
2
-15958
3
-5229
2
-19566
2
26769
1
20634
1
-21893
1
-3282
3
6517
3
-24316
1
-15086
2
-22515
2
-24616
1
-20375
3
18283
3
-18686
2
21486
3
-26153
3
-28960
2
-10675
3
20115
3
2728
1
1987
1
-2157
3
10779
2
5210
2
-14607
1
-913
3
-11630
3
17336
2
-15600
1
27142
3
5786
3
13660
1
30089
3
-13684
1
-12864
3
-11911
1
24228
2
14908
3
23676
3
-18481
3
18894
2
29049
1
12523
1
-32508
3
6552
2
7493
3
-12952
1
16763
3
14718
1
11139
3
-5670
3
8667
1
-706
3
27382
1
21910
3
-870
2
-6928
1
14988
2
-3598
3
32374
3
-30062
1
-27344
3
-15344
1
27865
1
8879
2
22406
3
3699
1
2937
1
-7776
3
16078
1
25679
1
-17747
3
-28485
2
10866
2
-22206
3
3153
2
-10504
3
22028
1
-1662
1
8662
3
25197
2
-27335
0