351
1
-12253
1
-27987
2
-1884
3
16058
1
-4070
2
11598
2
-30519
3
-4393
2
-28775
1
-24524
1
13369
2
-13181
3
5844
1
30816
1
-14650
3
3267
3
-30026
3
-4913
1
12588
1
1504
1
-31228
3
8893
1
236
2
-16369
2
23739
2
32203
3
-10523
2
1557
1
-26876
3
-3571
3
30938
2
-1473
3
-6148
2
-3873
3
15316
2
5933
3
-8384
2
-21708
1
-9114
2
14435
1
-4076
2
-7992
3
32696
1
-1297
3
3302
1
-15826
1
149
3
-14080
1
26066
3
-20825
2
-10525
1
31378
2
-29117
2
30850
2
-19495
3
9471
3
-3720
2
-31503
3
-22320
2
-7338
1
28830
3
-23939
2
30324
2
7780
3
3653
1
-10713
1
-29730
3
-15281
2
-13999
1
16218
1
-22233
2
5016
2
-2030
3
-3096
3
-16919
3
-19547
1
-5279
1
25431
3
31368
1
-12617
3
-10814
2
5227
2
19621
1
-20600
3
21273
2
-173
2
-27006
1
-19843
3
-23677
3
-12153
2
-31193
2
19569
2
-19060
3
19705
2
-18620
1
20286
1
25427
3
-27847
1
-9894
2
-11817
3
17957
2
24506
1
15924
1
-17295
1
-8103
3
-4665
2
14636
3
15478
1
4151
1
-14490
1
-16218
2
6432
3
-31146
1
-32367
3
10421
1
-17366
2
-14037
2
26390
2
-16942
3
14655
1
32563
3
-21639
1
-27042
1
32567
1
16497
1
15809
2
16656
1
20749
2
19529
3
-17106
1
-17615
2
-8110
1
-9838
1
-8641
3
-1156
2
-23957
1
19864
1
-20311
1
-26576
2
-15977
3
-11076
3
-30568
2
31544
2
15060
3
27098
1
21040
3
-22087
1
29969
2
-29061
2
-7591
3
11950
3
-4999
3
-240
3
-13492
2
-7554
1
-16131
2
6105
1
17729
1
-22333
1
-3268
3
12877
2
9237
2
-2198
2
-25167
1
3108
2
-18738
3
16098
3
20076
2
14842
2
-26067
2
-23146
3
762
3
-21990
2
-5272
3
4866
0