998
1
10391
2
-19128
1
23454
2
-11587
1
7609
2
-24689
1
-23968
3
-4940
1
12482
1
-13932
1
-10235
1
12661
1
15601
1
31759
3
9883
3
-9378
1
27137
1
30397
3
32438
3
-23753
2
-19409
1
6834
2
-16377
1
2054
3
4783
1
-11570
2
-4596
2
10284
1
25689
1
-11409
1
-27638
1
-13191
2
18330
3
-18383
2
6147
2
-32152
3
-13491
3
-29593
3
20359
3
-30692
3
16374
3
11621
3
-7335
3
-14195
2
-11367
2
10953
1
-17976
1
-3808
2
-25302
3
-25376
2
9330
3
-26480
2
7683
3
-6393
2
-26941
2
-21352
3
5666
2
-10756
2
-23421
2
20275
2
30186
1
30078
3
-20052
2
-1450
1
-30187
3
-6543
1
9046
1
3902
2
-3311
3
-12992
3
-16122
3
-24564
3
29685
1
26171
1
31975
2
-3635
3
12687
1
-10752
3
1232
3
25224
1
14883
3
-8722
1
29415
2
9502
2
14588
1
12291
2
-10113
3
27339
2
-26067
3
16559
3
15976
2
13958
2
-24370
1
29954
1
30335
2
-26872
1
-11337
3
13890
1
29730
3
-11663
3
31080
3
28509
3
16815
3
25432
1
-24759
1
-16841
2
-7422
3
-5002
1
2420
2
-2009
2
197
1
25849
1
7595
1
-25968
3
-26264
3
-217
3
-9775
2
-5131
1
8447
1
-2299
2
2666
1
-12004
1
-16342
3
-18789
3
27679
2
-6513
3
11134
1
16920
1
15261
2
15738
3
25043
1
-872
3
11122
2
-18050
1
20846
1
4107
3
-31994
2
13097
3
-27839
3
-28655
1
-20436
1
12720
3
-26347
3
-2333
2
-6770
2
-21918
3
24334
2
-17859
2
12309
3
12655
2
-31352
3
-10366
3
-20758
1
27915
3
-27215
2
-31371
3
24081
3
-26489
3
-26505
2
-9064
1
-18216
2
24494
1
-28899
3
14054
2
22815
2
21281
1
-6718
2
13600
3
30115
2
13020
2
-12280
3
-11493
2
30611
1
10653
1
-17442
1
18458
2
-18117
3
-20467
2
-5001
2
-7345
3
25557
2
-28482
3
-20666
2
-15759
1
28125
2
22077
2
-23880
1
-12332
1
-147
1
-212
1
25453
3
6923
2
-17822
2
3029
1
23659
2
-9426
3
2834
3
-20939
3
-2103
1
18877
3
-3148
1
9252
3
-20683
1
23137
2
10047
3
23172
3
17233
3
-15490
2
-3799
1
-18971
1
-12072
2
22210
2
-29847
2
-29413
3
-19323
1
-20972
3
-29231
2
-13666
2
7962
3
18955
3
-14616
1
-14889
1
7608
2
-25452
2
-30260
2
-17836
1
3400
1
-18094
3
20828
3
32570
2
-13741
1
-25096
2
30031
3
-19236
2
21824
2
-12706
3
31344
3
31880
3
2664
3
-3865
1
19969
2
28792
3
5261
3
22741
3
25557
3
-31851
3
-17533
1
-21837
1
19173
1
-998
1
-14967
2
464
3
-24613
2
-29142
2
9958
2
-15656
1
32014
2
-26158
1
-19278
2
13489
2
-21359
3
-12479
3
3310
1
28607
2
-28839
1
11974
2
-7359
2
2247
3
-17646
2
4656
2
26119
3
5083
1
-30542
2
-8113
2
17380
1
21822
2
22506
3
-17571
3
-9377
2
18470
3
32153
1
-24325
3
-26732
1
24084
1
-31721
1
-28136
1
-12881
1
21059
2
16707
2
-18581
2
23928
3
3757
2
30269
2
-1510
1
1679
1
-13724
1
6051
2
3346
1
15526
1
-3657
2
1736
1
26517
2
-11935
2
20340
2
-11826
2
28708
1
-10638
3
-26480
1
17048
2
-30582
2
10201
3
-2497
3
-26634
3
24234
3
19173
2
-11802
2
14558
2
14257
3
26326
2
320
2
-8159
2
27931
1
-11761
1
-4614
2
-15167
3
-1
3
1393
2
-945
2
7640
3
13136
3
31847
3
14490
2
-4814
3
1581
2
15782
1
-17262
3
-13101
2
-15588
2
-2289
1
-7515
3
-2648
1
-21733
1
-32441
3
-3854
2
-13016
3
25664
2
-28652
2
21499
3
30474
2
-27699
3
29373
1
30707
2
-24968
2
32102
2
20525
3
-19850
3
9736
1
-23519
1
-3372
3
-299
3
-8147
2
-12986
2
-29185
1
28775
1
-16002
2
14537
2
32178
2
-4135
2
-29008
3
30184
3
-29663
1
31015
2
-25925
2
-12336
3
30783
2
-11466
3
24961
3
22694
3
14564
2
3313
1
-30181
1
21730
3
-18420
2
14819
3
-21732
2
-22579
1
27981
1
-12109
2
7524
3
22946
3
12193
1
6829
1
-27354
3
-21959
2
-29305
2
15544
2
3780
3
-28044
3
-24086
3
-18400
1
22460
1
-22566
1
-16573
3
3668
1
23059
2
32246
3
-29094
2
32437
3
-29332
2
-7792
1
-8057
3
31958
2
15573
2
-1940
2
-16229
1
-7029
1
-30568
1
24829
1
-27657
3
12203
1
-21996
3
-12095
3
13734
1
-1716
2
9162
3
-11881
1
14563
3
-5398
3
12458
1
-19879
3
17604
2
-13587
3
-20177
3
1750
2
-22084
2
12230
2
2065
3
6420
3
-17607
3
30667
2
-25648
1
312
1
-30956
1
14683
1
8496
2
-27874
3
9169
3
-7939
2
13054
2
15244
2
-5408
2
-27028
2
-9174
3
-24581
2
11213
3
-10205
3
4950
2
-28364
3
29223
1
-7846
3
-13675
1
31073
2
3806
3
32071
1
1232
3
-27769
1
29317
1
-2885
2
-11195
1
28853
3
31437
2
-28291
1
-4986
3
12889
3
-8133
1
29916
2
24642
3
-6466
3
-6914
1
18757
1
-11293
2
13408
1
32539
3
-20376
2
8260
1
-31951
3
-24550
1
-32485
2
-7425
3
-5267
2
-7944
2
-32709
2
-23466
2
-19006
1
31438
1
-2604
1
-19809
3
-22127
3
-7462
0