3
-1119
1
17439
2
7174
1
14556
1
26062
3
1066
3
740
2
19365
2
2370
1
-19764
3
903
2
-4150
3
-110
3
1553
1
19817
3
28969
3
30647
1
32617
2
6507
2
-1223
2
-21091
2
-27410
3
-18616
1
-11134
3
23104
3
-159
3
-11577
3
-25354
3
16953
2
-30547
2
-15786
1
29485
3
-28439
2
26185
3
-5066
3
25593
2
-3082
3
8398
3
12758
3
24213
1
11637
1
12100
1
28543
1
24629
3
17973
3
-8359
2
2903
3
-6757
2
8985
1
-2894
1
-29276
1
-816
1
-28370
1
-5123
1
20199
2
-2883
2
-12934
3
15655
2
-1403
1
-10966
2
-5108
1
-27904
1
28806
1
-23460
2
17264
1
-4179
3
16638
3
-28747
1
-7261
3
-3839
2
17588
2
-10985
3
-6904
1
15482
2
22010
3
-31630
2
-17698
3
20172
1
18043
1
1066
2
11491
2
-14045
3
21330
1
15981
1
-1585
3
-4166
1
-1425
1
23247
1
124
1
8270
1
-11310
1
-17330
3
-24669
1
-2079
3
-15131
2
19654
3
-30982
3
-17917
3
18639
3
29303
2
-9096
3
28008
3
-1291
2
17294
2
-20242
3
-374
1
-16551
3
-23998
1
-620
3
-12042
3
-5524
3
-1841
1
-20795
3
-20316
1
-31406
2
12894
2
-6082
3
-27814
2
7676
2
20376
3
22644
0