597
2
9087
3
10640
1
-2856
1
23938
2
-23318
3
-26286
1
-5685
1
6014
3
-12696
3
21935
3
25958
3
-4217
2
5874
2
12118
3
32596
3
-13419
1
9361
2
10059
1
-29804
3
-9050
1
-5834
3
21894
3
29249
1
-22107
2
-26503
3
-6148
3
-6232
3
31318
2
12038
1
23963
1
-4611
1
-9552
2
19979
3
30759
3
-31756
3
-17021
1
18382
1
18948
1
994
3
-15542
3
-11289
1
28319
3
-11594
2
17052
2
-1282
2
-25299
3
-14534
1
-31399
3
-6548
2
-23272
2
24233
3
-28364
1
-7141
3
29742
3
421
2
7705
2
-7292
2
26504
1
28693
2
-16727
3
-187
2
28545
2
-11162
3
-10563
3
26715
2
26324
2
9733
1
-5164
1
11420
2
32465
2
-14713
3
13349
3
31180
1
-16476
1
-19130
1
13327
3
26679
3
14715
2
-15863
1
12505
2
8920
1
17720
3
-9351
2
705
2
-32607
1
-922
2
18240
1
-5455
3
-32225
1
26964
2
-810
1
5790
3
31371
3
31207
2
28724
1
-10424
3
29189
3
-8264
1
19640
3
25184
2
30787
2
3893
1
-22061
2
24692
3
-2021
2
20068
1
-24825
2
30918
1
8772
2
-30386
1
-27976
1
30469
3
25982
2
4023
2
8987
3
26524
1
-1242
1
27624
3
-17351
3
22906
1
-13923
2
-19362
1
30983
3
2847
1
-6676
3
-22095
1
-21943
1
-32378
1
30155
3
-9980
3
-17483
1
3145
3
-3085
2
-3257
2
-8099
3
13945
2
9926
1
-27364
2
3989
1
-10480
3
22884
2
28530
2
14804
3
31329
1
20944
3
-31818
2
11459
3
30024
1
-9414
1
1771
3
3371
1
30762
1
-1773
2
31115
3
23179
1
-17397
1
117
3
-14667
2
15678
3
22839
2
11471
1
24727
1
-32104
3
1642
3
7018
1
6170
2
-7838
1
14688
2
25092
1
-25852
2
4051
2
32745
2
20451
3
14905
3
11393
2
-21052
3
-22401
3
-19031
1
5352
3
-24249
1
19908
3
-28932
1
-28839
2
-7097
3
28220
2
-25079
3
-7198
2
-25614
1
-16913
2
-8106
2
12037
3
-24801
3
-26496
2
8451
3
14786
2
-31538
2
8112
2
23119
2
-26140
3
-25379
3
-28356
3
25248
1
-26083
2
-11443
2
-24856
2
-23052
3
-29952
2
-23555
2
197
3
-30399
1
16396
3
-18898
3
5554
2
25241
1
5945
3
6804
2
63
2
12012
1
2105
3
-14969
2
-31836
2
6242
1
-27076
1
31812
3
-18949
3
-20559
3
-3482
1
-27804
1
9678
2
2427
2
3758
3
-27505
3
21555
2
23549
3
18715
3
5014
2
30771
1
15113
2
78
1
-42
3
-13629
2
12543
1
22096
2
-18894
1
-25572
2
22198
3
24275
2
9834
1
-162
2
25036
2
17116
3
13851
2
24517
2
-28909
1
32269
2
20009
2
-20469
1
21313
1
-8010
2
-29022
2
30933
3
-16484
3
-3291
3
995
1
11365
2
27267
3
8260
1
5846
1
-11
1
-15100
1
-3947
2
-20212
2
-2457
2
-18863
3
-29749
2
-31466
1
22993
2
-22507
1
-30046
3
-2158
3
-1854
3
-2456
3
24040
3
3955
2
-6999
1
-2361
3
25499
3
7231
1
24593
3
-17797
2
17836
2
29920
3
-483
2
13256
2
-29427
2
26855
2
9953
3
14814
0