1
-26020
1
-5770
1
-13014
1
-25480
2
-945
3
9117
2
1553
3
-29280
3
-30222
3
-27073
1
-19371
3
-26677
1
-10285
3
-17828
1
22233
1
-17106
2
9875
3
28037
3
11081
3
-14829
2
14849
1
-22244
3
12096
2
8344
2
-12703
2
15983
3
10311
1
25273
2
19901
3
30591
3
-4060
1
27143
3
2644
1
8939
3
3904
2
5116
3
-31114
2
11463
3
-24751
3
-4372
1
-12246
3
9923
2
16229
2
22091
3
28813
3
-7690
2
-32175
1
12067
2
15963
1
24999
2
-250
3
14473
3
-16146
2
15786
1
-25698
2
1080
1
-17216
1
6936
3
-22623
3
-11823
1
29995
3
-32329
2
13117
3
24649
1
28361
2
-14171
3
6494
3
-31923
1
4624
2
14241
3
-33
1
-24916
1
16543
3
-32172
1
30677
2
17841
2
19019
1
-25384
1
28789
2
28657
1
6214
2
4193
2
10036
2
25914
1
16992
3
15053
3
22159
2
-12765
2
-27941
1
8322
3
-19373
3
16118
2
-28210
2
6514
2
-26491
1
2539
1
-12536
1
8670
3
4874
3
24900
3
-28930
2
-15252
1
-29126
1
20461
1
4371
3
-17576
3
-9508
1
2008
2
-21483
2
-32756
1
-12388
3
13394
1
-19613
1
28114
1
-26226
1
17495
3
-5643
1
-25893
1
-3246
3
7304
1
-29343
1
29153
1
25468
1
4755
3
30440
3
-26226
2
5714
3
-22896
1
-8900
2
8790
1
28677
3
-1257
2
-16779
2
6306
2
30834
3
17531
1
29631
2
2100
2
17634
2
4901
1
5925
2
-23436
3
194
1
26867
2
-10652
2
-12807
1
-18980
2
1906
3
1736
1
-3032
1
-24605
1
3252
3
2269
1
-358
3
-2001
1
25596
1
-17235
1
19964
2
28897
1
28977
3
-23900
2
-843
1
21154
1
9636
3
-1466
3
-8512
2
21617
3
15939
2
11952
3
28898
3
16408
1
-16547
3
-10001
3
-27845
3
-20931
1
20135
3
-10269
3
-5930
2
20045
3
-27637
3
29590
1
-20918
3
19873
1
23689
1
-4641
3
24830
3
-18887
1
-11862
3
20661
1
9468
2
-334
3
17327
3
30476
3
28733
1
30312
2
11242
1
-27474
1
-17722
1
6111
1
-2273
2
23619
1
15825
1
23743
3
15621
1
32196
2
-32579
2
28536
2
11985
1
26622
3
-241
1
-24294
1
22992
2
-22966
3
-30079
1
95
3
-3269
1
-21914
1
18152
2
28393
1
1722
1
23830
2
-26485
1
-31163
1
-4110
3
-13149
1
-20385
3
-10833
3
-1094
1
-32062
2
19592
1
26573
1
-2396
2
25608
2
25480
1
2870
1
15873
3
13313
3
23592
1
-6421
2
-8742
2
-4084
3
29522
3
-1843
2
-1006
2
-4686
2
4933
3
-23264
2
19779
2
-3381
1
12132
3
29132
1
-26619
2
-1418
3
-595
2
8759
1
32469
2
-4270
1
-22438
3
-13505
2
-31302
2
-24694
2
29870
1
11938
1
10468
1
31963
1
4481
2
-24889
2
-3811
1
1859
2
16982
2
-26305
3
-13679
3
-9169
3
-17148
1
-23624
2
-17597
1
7316
2
24665
1
30250
1
25780
1
-32044
2
29888
3
-12961
1
32393
2
6069
2
21335
1
9283
1
28095
3
3451
2
7862
2
21750
3
-7608
1
-32177
3
-13732
3
-17191
2
15938
1
1680
2
-15927
3
3358
3
26531
1
-2127
2
-11928
2
-21883
2
-19767
2
28189
1
19017
1
-3944
2
6931
1
-27290
3
31827
1
-4070
2
25708
3
-2377
1
-11757
1
23269
2
8632
2
4602
2
17545
2
-13839
2
-13383
3
4821
3
-23409
3
-31522
2
158
3
18050
1
13387
2
11319
2
-21307
3
-5423
1
19856
1
17070
1
13294
2
-32680
3
-15625
3
6299
3
-13365
3
25847
1
-11827
3
-7523
3
-29364
2
16445
2
-10665
3
-18390
3
27438
2
-15374
2
-4900
3
-16089
3
-5503
0