2
5770
2
-6082
2
-7156
1
-28101
2
-3914
2
5342
2
-5251
1
29423
1
-20163
3
23270
2
18809
3
-3252
1
6214
1
-3156
1
31855
2
31710
3
-19911
1
-588
3
27842
3
25159
1
17526
2
-16106
1
24958
3
-4231
2
27591
3
-26800
1
-15000
3
19898
1
20858
2
-13335
1
2838
1
27447
1
-971
2
-2918
2
-30761
2
3564
1
6628
1
-27614
1
-31046
3
-23694
2
-12361
2
23652
1
11788
1
-23447
2
21697
3
-21888
1
-26059
2
18021
3
14854
1
26984
3
-1909
2
-863
1
16870
3
20111
1
-21153
2
28292
3
-19548
3
-16995
3
27105
2
-10383
3
-19712
3
10866
1
-28110
3
32253
3
-17673
2
-16244
1
-8957
3
-994
3
28052
1
8792
1
-24428
2
2064
2
-8192
3
-4843
2
28495
1
-21158
3
-6518
1
-26133
1
-30271
3
30079
2
31681
2
-24663
1
31754
2
-82
2
-15290
3
16694
3
-26332
3
-30602
1
-12709
1
11042
3
20065
2
-10507
3
32242
3
-6557
2
-3818
3
-13976
3
-4907
1
-12857
2
-27018
2
-9106
1
-30552
2
-24100
3
-18101
2
-16695
3
32288
1
22963
2
-10766
2
10668
1
30136
3
23157
1
-32315
1
6831
2
-21757
1
30839
0