1
-9502
3
-22339
2
6259
1
-15643
1
31654
2
-30309
1
-30310
2
-28584
3
3815
3
-7772
2
-17780
3
10236
2
25738
2
14012
1
5599
3
20767
3
23515
1
-21554
3
-9374
1
-18524
2
31814
2
6323
1
-11090
2
7164
3
31477
3
22545
1
-20054
2
-6100
3
-26022
2
-26027
2
-17037
1
30179
1
20073
3
10466
3
-25743
1
-16396
2
21972
1
30482
3
3228
3
262
3
-8941
2
788
1
28546
3
8202
1
-22798
2
24034
2
8242
2
-32053
1
-27311
3
-30201
1
26524
2
-30657
2
4669
2
-18363
3
-5104
2
-17670
2
-31102
1
-1490
1
7899
1
-17826
3
-16549
1
-2925
3
23876
1
927
3
8409
3
-10870
1
-20129
1
-13129
3
11199
3
-5440
1
-22657
3
-22667
1
3041
1
22152
2
-10040
3
-24496
2
14655
2
-7153
2
-20525
2
13916
1
25380
1
-26462
1
15612
1
21722
3
24917
2
14892
1
4109
2
22865
1
19105
1
-30160
2
-21119
1
2225
2
-13566
1
-31994
2
-4994
2
-28575
2
-5741
2
15186
2
31555
3
-15883
3
-12454
2
3624
1
-30891
2
17000
3
-12672
3
-9589
1
31797
1
-16737
2
17000
1
-999
1
-30994
2
-16298
1
19125
3
-3207
2
-18397
1
19005
3
-2107
2
-1470
2
29376
2
28293
1
-22890
3
-26478
3
-3034
2
-491
1
3468
2
-5907
2
6769
2
4441
2
5534
3
4495
3
-14923
3
21583
1
21251
2
16777
2
-19135
2
2630
3
16389
1
16426
3
28163
1
5883
2
13665
3
31069
1
28647
2
4529
2
-30146
3
-3449
3
-30229
0