1
31440
2
-9447
3
-6006
2
-4823
1
-2854
3
-4416
1
-22028
1
-29398
1
31399
2
25270
2
-22578
3
-32006
2
-2818
1
2746
3
25893
2
30665
1
-2705
1
24657
3
22361
3
-8584
2
-15911
1
-16522
2
-845
2
-8083
2
-20173
1
-12127
1
-25044
2
-20507
1
14125
1
-14185
3
-2309
2
-15381
1
20767
3
31518
3
10750
1
-29754
2
-26977
1
-17876
1
28995
2
-8486
1
-14609
3
-16470
1
-19883
3
19880
1
-23378
1
-23884
2
32654
3
-31910
2
-17692
3
8748
2
5159
2
1312
2
11564
3
-30955
3
8297
2
-10386
3
-22066
1
-15847
2
32308
3
-27063
3
-18206
3
-21174
1
-1259
2
-23856
3
31822
1
16234
2
11544
2
-21458
2
-25088
2
-8785
3
27559
2
13824
1
12019
3
-21649
1
16121
2
7377
1
-27453
3
20027
1
-3637
1
19659
1
-19256
2
-25643
1
-13246
3
28237
3
-5034
1
28305
2
-7397
1
6308
3
29214
1
-714
2
17314
1
-7105
2
-19027
3
-3528
1
-2700
3
2111
1
3855
1
24326
2
26904
3
3818
3
-13494
1
9149
3
30215
1
14870
2
-15769
3
3880
2
-120
2
-20731
1
-20206
1
-2878
3
-29114
3
21620
2
2052
1
22205
1
-7388
2
7382
1
-683
2
245
1
-3279
2
-25970
3
-11621
1
17480
3
9693
3
3303
3
24533
1
-31532
2
20717
2
29041
1
-26330
2
-28565
2
23186
2
14837
1
2258
3
11125
2
6242
3
3391
3
-10079
3
-10724
1
-16956
3
-4302
1
-25158
2
-18311
3
20355
2
-26439
1
-23505
2
11016
3
-22131
3
-2967
2
-14293
2
332
2
94
1
-27660
2
1056
1
21321
1
-17815
1
14387
2
26517
3
-13180
1
-9802
1
-23723
1
-219
1
10190
2
23226
1
-5223
1
5203
1
-31767
2
-6235
1
-23143
2
-19889
3
28940
2
-25654
2
-12358
3
27174
3
12023
3
7973
2
21845
2
-10639
3
-7974
2
18489
2
18281
3
6243
2
5008
1
3684
3
-1198
2
27312
1
-8246
1
26501
2
-26744
3
23538
1
32541
2
-9017
3
10451
2
29843
3
32274
3
-24848
2
21999
2
-18810
1
-5582
1
-6248
3
-27096
1
13864
1
14620
3
-10817
3
-22242
2
7964
3
25923
2
-30552
2
22454
1
25196
2
27796
1
-16836
1
-28230
2
-8081
2
1393
2
-13597
2
-27337
3
31848
3
21308
1
-22898
3
-27162
2
12914
2
18103
1
-19554
2
23911
2
-29285
1
22039
3
20442
1
-29996
1
-12446
3
30944
1
20037
2
10837
2
-21296
3
-20200
1
5550
3
-4270
1
23350
1
-31660
1
-22472
2
-17981
1
-3708
2
-28997
3
-4149
1
2129
3
23953
1
-11289
2
-9288
1
-5187
2
-16071
3
21957
3
-8566
2
-14534
2
-31050
2
-32186
3
1805
3
1091
1
22431
2
-24388
1
14286
2
23730
1
-1248
3
26579
3
-18265
3
-25694
3
-6878
2
-30391
1
24405
2
-3008
2
-23015
3
3798
2
-31909
2
20779
2
-23146
3
-13069
3
-4503
2
6480
2
21514
2
11218
1
6988
3
-26514
2
8874
1
25758
2
15928
3
31693
3
3612
3
-4233
2
9207
3
-1123
3
15087
3
-11316
3
22422
3
-2140
3
-14838
3
-16857
3
-22937
3
-24828
2
17818
2
-3952
2
28112
1
-1002
3
4756
2
4950
2
-14570
3
-9973
1
-779
2
326
1
13259
3
19604
3
25434
1
-29282
2
31577
3
-5902
1
9320
1
15025
1
-7489
1
-2214
1
-4949
1
18324
3
10055
2
-5654
2
3867
3
8397
1
28306
3
-11858
2
12617
1
9657
2
-29426
1
-23124
2
15802
1
-2062
3
16640
3
23663
2
29129
2
18132
1
-1516
2
19474
3
-10631
1
9180
1
-11507
3
26161
1
-17532
2
-18878
3
3106
2
-31517
1
29381
3
-28417
1
21781
3
4496
2
-19273
1
9502
2
21584
2
31924
2
27860
1
-17640
2
-17708
1
17110
1
15141
3
-1654
1
-22210
2
-3261
2
29663
1
26007
2
14094
3
23820
1
29113
3
13321
2
11213
3
-11055
3
22508
3
-30282
2
-29198
1
-9027
2
13582
3
7194
2
-26701
1
2923
2
15471
3
-15809
3
-12687
2
-10524
1
2063
2
-4939
2
-30955
1
-10413
2
22731
3
-27541
2
9727
1
15738
3
-13039
1
-8293
3
13743
3
-25385
1
-26952
2
3399
1
-32737
1
-10356
3
-29040
2
17042
3
18570
1
-9729
2
-25478
1
11265
1
18181
3
13247
2
658
3
5441
1
-26166
3
29993
1
21748
3
12922
3
9426
3
-16873
2
-15106
1
1365
3
2242
3
23121
1
-19658
1
15985
2
-1379
2
-12376
3
20872
1
-15577
3
-2393
1
-19769
2
22578
1
-13591
2
17569
1
-18028
3
-24353
1
21560
1
-11937
3
32063
3
11375
2
2218
2
-27663
2
-2288
3
1852
2
-25622
2
7286
1
1168
3
15661
3
-10607
3
26231
3
5533
1
-29902
2
28916
2
-4829
3
19176
1
15246
1
5972
1
-5989
1
26915
3
-4307
0