914
1
-1034
1
-19658
2
32651
2
-1021
3
-31646
3
9221
2
9223
3
23258
2
29478
1
18783
3
21325
3
-6373
1
19670
3
26733
1
10666
1
-31993
2
21403
3
11286
3
18616
2
-13292
2
15275
3
22438
1
16231
3
-19073
3
34
3
-6119
1
25759
1
-31179
2
-29646
3
-20662
2
-18061
1
-30399
1
-20577
1
-18051
3
30822
2
24051
1
-24069
1
-7977
2
-1104
1
-16431
3
10248
1
13427
2
26656
3
-23777
3
18580
3
-17254
3
17390
3
88
3
16505
3
-17258
2
5832
3
-12809
3
-20209
2
-13627
3
30000
3
-5538
1
19190
1
-13492
2
32438
2
9898
1
32696
3
-22341
2
-14499
1
-14970
3
-2636
1
-28516
3
-4280
1
-10845
2
-16557
1
-31114
2
-22431
1
-1936
2
32009
1
-30760
1
25495
2
-16128
1
30987
3
-20454
3
17633
2
15629
1
-17015
3
-20431
1
-2497
2
-26464
2
18311
2
-22046
2
-26807
1
27405
1
-3015
3
20011
1
-16460
2
1080
2
-28245
3
-23725
2
-6412
2
-25396
3
30611
2
21650
1
-15999
3
-28732
2
4206
3
10365
3
8836
2
-890
1
-14056
1
16884
3
23726
1
-129
3
-18473
3
-30194
3
3740
1
30228
3
13637
3
-21758
2
14769
2
-29273
3
-25066
1
2040
3
-19458
2
2561
1
-24930
2
3314
1
118
1
-5837
2
-22408
3
-15626
2
12647
2
-10822
2
-28618
1
18627
1
17697
2
1286
2
521
1
2269
3
-573
1
14662
1
-12261
1
29059
2
15527
2
30788
3
-12448
1
32192
1
8454
3
-20541
3
-22869
1
-23552
1
20150
3
-2715
1
14696
3
15888
3
10061
1
24317
3
-14988
3
-21432
2
9730
3
10730
3
2435
3
-792
2
-263
3
27161
2
-28647
2
16656
3
7689
1
12085
1
-12812
3
20761
1
-24258
3
5040
2
-1604
2
-10854
2
16073
2
16954
3
18168
2
-3354
1
-11875
1
-16265
2
-32637
1
3020
2
21426
1
13754
2
-4772
3
-830
3
27008
1
20335
2
18760
3
9783
1
-18327
1
-8408
1
19706
2
-14413
3
-14234
2
24947
1
28944
3
25717
2
6487
1
-491
2
26974
3
12324
2
24711
1
-4951
1
-5426
1
28808
3
-23639
3
11645
2
17685
1
-21464
1
-26702
1
-25345
1
26992
1
-118
1
-3116
1
567
2
12613
1
-450
2
12094
3
-28519
3
24132
2
-17557
3
-19408
3
16960
2
-11899
1
5450
1
27524
3
28407
3
-25898
2
8486
3
-19257
2
-12841
2
-19035
1
-26400
3
-13697
2
-574
2
1020
2
14598
3
24486
3
930
2
-13592
3
12623
1
-20103
2
11539
2
12735
1
-7896
3
-19097
3
-16522
1
15697
1
4765
1
19122
3
-406
2
4844
1
-28165
1
1445
3
22966
1
-27933
2
25046
2
30432
2
-3988
1
20013
2
17738
1
24000
2
-9454
2
-28832
3
-15190
3
-8331
1
-1342
3
-20551
2
-10452
2
25838
2
-16594
1
-23960
2
-21109
3
-26155
2
-1313
1
-24874
1
28531
3
-18683
2
-31156
3
29569
2
11119
2
-24541
3
25828
1
949
1
-9613
1
27309
3
-3974
2
-6632
3
-14103
2
23479
1
-29308
3
2946
1
4385
3
-14465
3
-3833
1
-22214
2
1578
1
-26329
1
-29838
3
21483
2
-31690
2
12531
1
31564
2
17597
1
-20408
1
-17613
3
24233
3
31760
3
-14147
3
-11805
2
-15569
1
-22541
2
-13696
3
-6004
2
-10114
1
-21594
1
-29189
3
-29687
1
-23053
3
-23636
2
-850
2
-18920
3
682
1
18145
2
-10689
1
19983
2
-7539
1
-12056
3
22480
3
-2683
2
-5734
1
30534
3
23465
2
-22655
2
24166
1
27156
1
20206
3
-31034
3
22813
2
-5130
2
-18558
2
8170
1
13198
3
-30839
1
-24974
2
-12136
1
-14604
2
7985
2
1671
1
21883
2
22190
2
-28794
3
-13005
3
-6835
3
-23262
2
16329
2
23367
2
16729
1
-17382
2
3793
2
7892
3
-21535
3
11925
3
13039
3
12456
3
-21081
2
-1530
1
5000
3
26522
3
-3812
3
3667
3
25757
2
4526
1
-23897
1
-32390
1
-31166
1
-8031
3
29813
2
26886
1
21324
2
-16469
3
6567
1
9855
3
-23095
1
-29595
2
-3601
3
11851
2
-2357
1
15816
3
9983
3
-28407
3
29299
2
16747
2
-3187
2
12415
1
-21694
2
-11512
2
16892
1
1494
2
-27893
2
-23435
3
-10218
2
-2566
3
10232
2
13950
1
-8217
2
17150
1
9240
2
6036
3
26443
1
-12591
3
8292
2
26617
3
28870
3
-12976
2
-11120
2
20006
2
27010
3
-6925
3
15052
1
12613
1
-29107
2
24776
3
5770
2
-18627
2
28670
3
1069
2
26080
1
-12489
1
-349
1
14195
2
14578
1
-12372
2
-19868
3
18163
2
31031
2
12876
1
-3284
3
-20762
1
20648
1
-16618
3
11384
2
-18580
2
-23578
1
-7338
1
7462
2
17127
1
22823
1
18405
3
556
1
-4378
1
18176
3
-15251
2
-26725
2
-10007
2
-8744
1
12702
3
6562
1
-8144
3
523
0