3
-26128
1
-27249
2
-22334
1
-8706
2
-7848
3
23456
3
31273
1
6097
1
-7395
1
7464
1
-4826
1
16174
2
31198
2
-25906
1
-24192
3
-14966
2
-23692
1
-10917
1
-20256
3
19656
2
5423
3
-15203
2
20944
2
31169
1
21749
1
14014
1
13018
3
22977
2
-25688
2
-12903
1
13492
2
25277
2
8314
1
32642
1
15481
2
29208
2
-3147
1
-7319
2
-20536
2
-7986
3
29471
2
-25653
3
19466
1
16064
3
-1419
2
-6548
1
-25712
2
-19730
3
1465
2
17463
3
21834
1
32530
2
-24821
2
-26618
2
-11373
3
3806
3
5924
1
-10311
1
-1874
2
29304
3
17073
2
-2859
3
-11534
2
26149
0