3
-1752
1
17484
2
-652
1
20807
1
-11545
2
6802
3
-21985
3
-32668
1
-15478
3
-11752
1
18667
2
-4434
1
9444
3
13451
2
-19091
3
-24561
1
-23348
3
11112
1
-5803
2
-32420
3
-14616
2
10914
2
-9366
3
4473
1
-28380
2
-26922
2
-27985
2
-12762
2
-8442
2
-14790
1
15015
1
21482
3
-27269
2
-28419
1
7847
3
-1839
1
27401
1
-19972
2
-10358
1
25173
3
-10214
2
21982
3
31904
2
28687
2
-18772
2
-26184
3
2265
3
11328
3
9167
1
6560
1
28538
1
13165
2
-3290
2
-3671
3
-3335
1
-11091
2
3909
2
32502
3
9188
1
6527
3
-3358
3
-24184
3
-32518
0