3
-3120
2
3535
2
18995
1
27292
1
11705
2
12558
1
-18809
2
8629
1
27277
2
-29958
2
16000
2
-26456
1
-8523
2
-19243
3
7353
2
-31804
3
10571
2
-10237
3
23218
2
-15964
1
-1015
2
21062
3
-2335
2
-28460
1
27568
3
29451
1
-27404
3
-19866
1
-10204
1
-17769
3
-4254
3
30710
1
14148
1
-25423
3
-24853
1
13192
1
-20587
1
19294
1
23426
2
25565
3
-3666
3
23634
2
12867
3
-861
3
29508
3
-1967
3
3490
1
-10018
3
-17045
3
-28827
2
11982
1
-17715
2
22498
2
-316
1
-31332
1
-17045
3
27585
1
-3434
1
29965
1
19450
2
8408
3
-22706
2
-8968
1
-561
1
-18130
2
-8925
1
-20500
3
24920
2
24080
1
-16970
2
-12068
1
7793
2
14537
1
-12785
2
-14068
1
-26272
2
-20388
2
21175
2
-7548
3
-15406
3
-16179
3
-20567
2
30013
1
-6876
3
-27147
3
20678
2
11521
1
-22678
3
-25369
2
-11861
3
-404
3
29049
2
166
3
-22041
1
6794
1
12622
1
8009
1
25341
3
-5336
1
-18284
1
-3199
2
31490
2
20822
3
-12870
3
-27111
3
17064
2
-8972
3
15340
1
-29005
2
27474
3
-3928
2
-29029
3
20214
3
11153
1
-18397
1
27381
3
15800
1
23663
3
29445
3
-22424
1
700
1
-31847
1
-7102
1
6773
1
5919
2
-24794
3
4726
2
11218
2
604
1
-329
3
-26900
3
27586
1
-7200
1
1237
1
-7754
1
-19140
1
-21683
2
-8378
2
-28906
1
-23826
2
-30948
3
31552
1
13028
3
4788
1
1991
1
-17379
3
18855
1
-2791
1
23840
2
-26685
1
17734
3
-22169
3
24308
1
167
2
-3812
2
19768
2
-9450
1
20857
2
9513
3
-19513
2
25582
2
21451
2
15525
1
-32174
2
-30858
1
-24571
1
-11012
1
31423
3
8731
1
-267
2
7720
1
24263
1
-1092
1
6110
2
-19502
2
-7378
2
-2900
3
-20684
1
15159
3
22468
3
32098
2
-7871
2
18409
2
-16947
1
-6007
3
2635
2
-31046
1
803
2
23318
3
13017
1
-26397
1
92
3
11766
1
-18631
1
-4005
2
-314
1
32407
1
-24269
2
-21430
3
-20016
1
-21366
1
-28872
2
16946
3
5438
2
7605
3
-4479
3
4702
3
6707
1
19113
2
-2781
3
-12726
1
22695
3
-315
1
21202
1
27237
2
23649
3
-12677
3
15865
2
-29675
3
-28026
2
14523
2
-17201
3
-13257
2
26913
2
3847
3
14150
2
-24573
1
-27756
3
-5224
1
-8928
2
-20392
2
-13537
2
8954
2
-8824
2
26111
1
25669
3
17117
2
11292
3
-26734
1
-10306
1
-21632
1
9812
3
8671
3
-10738
2
23721
3
-18190
1
3273
1
-6810
1
-3854
2
15899
1
-872
2
32046
2
-23401
3
11573
3
-3204
1
-12076
2
28508
3
19040
3
-6977
3
-11943
3
-17532
3
21303
3
6878
1
-183
3
9865
1
-18253
3
3656
2
-23812
3
416
1
-22754
2
-8939
2
-2238
1
8896
2
-13875
2
19415
3
-30748
3
11989
1
1263
3
-30115
2
-15905
3
28564
3
6640
1
677
1
25983
2
23047
3
-25693
2
-9285
2
14770
2
9529
1
-30658
2
-4757
3
2599
2
25446
3
-658
1
-11293
1
4409
3
31013
1
-27220
1
15225
2
-18580
2
17408
3
28642
3
13944
1
-29449
2
29788
3
-11845
2
-28649
3
25313
3
-1237
2
-27314
1
-24094
3
-3076
3
21074
1
-11516
3
-5754
1
29130
2
31256
2
12482
3
-7640
1
4667
2
-19740
1
21577
3
25531
1
21056
1
5952
2
9674
3
7159
3
-8885
1
17443
3
19774
3
26914
2
-2630
2
5961
3
13756
1
26719
2
8798
2
-7797
1
-499
1
3881
3
-9330
1
-3140
3
12558
2
-29696
2
1634
3
-29383
1
3753
3
-12276
2
18339
3
28745
1
-677
3
-930
1
-16791
1
9420
3
-11802
2
15541
3
-14269
3
30119
1
17304
3
-8637
2
17582
2
29770
2
-20807
1
-7220
2
15230
1
-28448
1
-1847
1
-2205
3
28375
3
-5609
2
-14597
2
2239
3
9795
3
-26092
2
18302
1
-22086
3
-25428
2
16086
3
29267
2
-6627
1
-4830
1
11990
2
2879
3
14642
1
-24108
1
11530
3
-4300
1
-31203
1
-26532
3
-24694
3
15668
2
6083
1
-5299
1
-13883
1
11856
2
9789
3
11964
3
-21899
2
9561
3
25080
1
6914
2
18118
2
8475
2
23133
3
-14475
2
32237
2
10863
3
23968
1
-17986
2
-7955
1
16689
2
5517
3
-25077
1
-2020
2
12567
1
23335
1
-13299
1
30606
1
1136
1
17188
2
28147
1
22585
1
-277
1
-24038
3
10620
3
-10725
3
8723
2
24348
3
29860
1
-29585
3
30335
1
-23205
1
32292
1
-17327
3
-5953
1
11660
2
-1503
2
-11305
1
17464
3
-9154
2
-19016
1
30687
1
-10326
2
17233
2
24139
3
-3679
2
-5951
1
15833
2
22323
3
2342
2
-2882
1
1646
3
-12553
1
-29740
2
22927
1
16102
1
-23696
2
-13836
2
16824
2
-26925
2
-12948
2
-29693
2
-29310
1
29538
3
28175
2
1363
1
-25914
1
-32647
2
26618
3
-15694
2
-1141
1
19280
2
-21441
3
-7815
3
-15008
2
-26897
2
-11262
2
-9454
1
32301
2
20427
1
27794
3
-3220
3
-24790
1
-29438
2
-19540
2
32201
3
-6282
1
-3386
1
-24380
2
-1641
2
-13178
3
-22636
1
1820
2
22918
2
3134
3
10832
2
-30679
1
2108
1
-10718
1
17261
1
-15455
3
5810
1
-27663
1
-21690
3
4632
2
-15499
2
-18275
0