532
2
8364
3
-17458
3
307
1
-29864
2
-31641
1
-2096
1
-687
3
32113
2
-14947
2
27017
3
20928
1
-9358
1
-24410
2
7003
2
-31190
1
13695
1
-6781
1
-31994
3
22537
2
-8083
3
4237
3
-30182
2
8709
1
30274
2
-20384
3
5722
3
-11206
3
-32442
3
-6449
3
23752
1
-21572
1
-21785
1
1511
2
-22847
3
-29828
2
1399
3
23485
2
19483
2
-14767
1
30868
3
-15055
3
-3646
3
-7990
1
-30919
1
4256
1
-19609
1
-15513
2
5101
2
6843
3
-17314
3
-12343
1
26185
3
285
3
-10291
2
9698
3
11599
3
10043
3
6173
1
7300
1
14193
2
18691
2
-11637
1
-22279
2
-2232
3
-13515
1
-29710
1
8780
1
15744
1
-717
1
28935
3
12500
2
19667
2
-27171
1
-1853
1
-32289
2
-20424
3
7759
3
17676
1
5970
1
4682
1
26374
1
-9778
1
22074
3
19972
2
25278
2
-14628
2
8625
1
-3784
2
15876
2
-31520
2
22009
3
-21823
1
-30062
3
31341
1
13480
3
30436
3
-21839
3
-9408
2
-32289
1
24434
2
-22033
2
9419
2
-9435
1
9251
3
30247
2
-17880
1
8739
1
-21558
3
8763
1
16957
3
14903
2
9559
1
-10874
3
22485
3
-10454
2
-16643
2
-17098
3
-9929
1
2613
1
31817
1
6339
1
-20829
2
-5656
3
-30935
2
19583
3
-9765
1
27260
2
-3294
3
7071
1
-31513
1
-1824
3
9110
3
9601
3
-11352
3
31356
3
28380
2
6782
1
4526
2
-28562
1
-17334
2
-22876
3
-5195
3
25439
2
26637
3
-5125
3
-26961
2
-24868
1
2465
3
25631
2
17819
2
-14795
2
-20209
1
26658
3
-26114
2
-11382
2
19316
3
-26075
1
-2517
2
-22211
2
-16997
2
31771
2
23378
1
-4660
3
-5701
1
10209
3
1587
2
5470
1
29388
3
-13988
3
-22771
1
13924
3
-27078
1
30502
2
-11411
3
-8486
3
-475
1
-22076
3
-18572
3
-24179
1
-31037
2
-27262
1
-25061
1
21809
3
19743
1
-27604
3
26414
2
-25448
3
7564
1
-111
3
20312
3
11785
3
-3367
2
19368
3
31379
2
-6290
2
3756
3
13014
3
-7411
1
-4172
3
-5709
2
-16354
1
4730
3
27427
1
25658
1
-24857
3
12093
2
-19232
3
540
1
24798
2
7867
1
-17212
1
-4996
2
-7802
2
12670
1
23721
3
-1208
2
-11555
1
-19588
3
-4373
3
32583
3
18057
2
13281
1
9246
2
3277
3
-24003
3
14802
1
9344
3
8004
2
5818
3
-30482
1
10544
2
29931
3
-26812
3
-7305
2
3057
1
9311
3
-26456
3
10616
1
-3759
3
-24890
1
-18766
3
32315
3
26023
1
-31604
2
2972
1
-28834
1
21866
2
25548
1
18988
1
2391
3
14229
2
-9802
3
-4667
1
25729
3
12096
1
-10729
1
-28936
2
-21814
2
25699
2
-15806
3
-22878
1
-30457
3
1540
1
-29368
3
17195
1
-10618
0