3
17928
3
32396
3
5761
1
14200
1
20713
2
-5952
3
3198
2
29228
1
771
3
-12342
3
-31842
1
664
1
29554
3
-14817
1
-30379
3
-26166
3
-32065
3
16153
1
8128
2
13970
1
28318
3
28571
1
-15655
3
-11932
1
24465
2
12929
2
-19273
3
-19067
3
-25134
1
-20133
3
4503
2
2197
3
30998
3
-19715
1
-19036
2
-13604
1
6080
3
-5964
1
7730
2
-32600
2
-21418
3
-3029
3
7375
1
32223
2
11545
2
-4733
1
-21802
3
3985
2
26823
2
-3692
3
-13967
2
21007
2
-159
1
29808
2
-9929
3
-26992
1
15001
1
-16317
3
-13054
1
-16725
2
-22513
3
13611
1
-27303
3
25562
2
-18503
3
30599
1
-14544
2
31112
3
27399
2
20714
2
22263
1
-5733
2
-20811
3
-16162
3
-22041
1
20633
1
17318
1
-25175
3
-29315
1
-29301
3
-23353
2
-17812
1
18202
1
-9374
1
-2642
3
-21575
2
-11057
1
23575
1
24494
3
-7366
1
-29415
2
4461
3
-13190
3
7050
1
10204
3
13180
3
15868
3
18761
1
-6058
3
-15738
2
-20959
3
-13158
2
11152
1
5991
1
2460
0