3
-12030
2
-22507
2
28050
2
-28388
2
-13268
2
24053
1
-5043
3
22603
3
-13197
3
23467
3
9194
2
-14609
2
14742
2
23168
3
18779
1
16772
2
4180
2
5156
3
-32560
1
-4192
3
7798
3
11218
3
6949
1
19577
2
14397
1
14902
3
4695
3
-21166
1
15727
3
23174
3
-24221
1
-11412
2
-5027
2
-18466
3
17791
2
-21535
1
20646
3
-16790
2
20342
3
-3367
2
10131
3
4247
3
-22149
2
19360
2
-11473
3
-20885
1
12547
2
6559
1
7143
1
-18410
3
14663
1
6002
3
14470
3
-32305
2
-30951
3
24121
3
-5080
3
19308
3
-16523
3
21745
1
-24612
0