1
-807
3
7731
3
23899
3
-31085
1
3077
1
22973
3
-12456
2
878
1
-18917
2
-1161
1
4796
2
-25918
3
-20181
2
8961
2
-30706
2
2273
1
-21003
1
1490
3
10536
2
-7749
1
7119
1
-14885
1
-12722
1
15316
2
-22539
3
-7928
3
-13763
2
12820
3
15369
2
16016
1
-27592
2
-19971
1
11786
3
26870
1
-32605
2
31478
1
-22605
1
25387
1
-23608
3
14609
3
-1047
3
-11146
2
6918
1
-7547
2
-12767
1
-29642
2
5006
1
-29728
1
19095
1
-23720
1
25677
1
-25062
1
13998
1
9551
3
-2802
3
-25270
3
11596
3
13087
2
-32759
3
-14600
1
-20159
3
18955
1
-22776
1
-25585
1
6883
2
29980
1
5226
1
-14824
3
-13160
2
-25020
2
32278
2
-17156
3
-29419
1
29737
1
14615
1
-29354
3
25644
2
2619
1
26555
2
-29895
2
13170
1
19320
2
-11079
2
29918
3
-3551
3
23837
1
1326
2
19962
3
16245
3
-18817
3
-12486
1
-9616
3
4762
2
21334
3
-12048
3
-31361
1
-29349
3
13215
3
-28242
2
-12533
2
8348
1
-11501
1
1514
1
-15314
3
-7745
3
26231
1
10278
2
-20942
1
-8290
2
-5377
3
7455
1
11237
1
-26400
2
-3728
2
-19856
1
15805
2
13468
1
21824
1
30200
3
702
1
7986
3
25307
2
-25625
2
26767
1
13131
3
-14243
1
24643
2
-17048
2
-26954
2
19339
2
1542
1
-11385
2
-14399
3
26938
3
14300
1
-3774
1
13836
2
17352
1
11511
3
25277
2
20238
2
21492
1
-25707
2
8623
2
5353
3
-32028
1
22747
3
-22191
3
14967
2
-896
3
11899
3
-12094
2
18441
3
7585
3
8614
2
25783
1
-21319
3
15388
3
-11556
3
-31098
2
22145
2
30632
1
-3634
1
-32162
1
-6764
3
23389
1
-3163
2
14432
2
-20718
3
7469
3
-24311
2
24969
1
32723
3
-26103
3
-31204
1
-27589
1
-16400
2
3725
3
-27300
3
-25582
1
-31917
2
-17103
1
-21483
3
-7894
1
-5552
2
-32552
1
4505
1
-24945
1
-8752
1
12024
2
7055
2
-11374
2
-13413
2
25044
2
18761
1
13094
3
-584
3
17979
1
19601
2
-32304
2
31321
2
5776
3
9477
2
11698
3
-8521
1
-25169
2
8009
2
12420
1
-19528
1
-7050
2
7327
2
30363
1
-464
1
-18737
3
2113
3
-21106
2
-18466
3
32629
1
-7529
1
26116
1
9543
3
-20981
2
6759
1
-22805
2
-25607
3
-5852
2
-10964
1
11183
1
11048
3
4281
3
23100
2
28713
1
-653
2
-3528
3
-29733
2
-6014
3
-21913
2
-27859
1
-446
2
-8065
1
-14
3
-31777
1
5804
2
2525
3
10776
2
10071
3
20164
1
32442
2
-16891
2
23729
2
17162
1
15489
2
-22035
2
26272
3
16191
3
15388
3
32334
1
-11728
1
9080
1
1434
1
3975
3
17472
1
-24495
1
25138
1
-10054
3
30458
2
20184
3
-10442
3
-11041
2
-14467
2
-19925
1
15472
2
19941
1
-4152
3
21077
2
25431
1
5626
1
16136
2
-12119
2
-8450
2
-27051
2
32582
3
3234
2
-19015
3
14982
2
13424
2
-17461
1
7242
1
-18340
2
-17239
1
-25228
3
17920
2
9153
1
-1219
1
-20915
3
25034
1
-255
2
17490
3
-15798
1
-28412
1
-7322
2
11540
2
-2326
3
24057
2
-27742
3
-13340
1
12181
2
30731
3
6680
1
25328
2
-21288
2
-4185
1
8445
2
23743
2
32470
1
5094
2
-2416
1
-16226
3
18427
2
1540
2
-29305
1
-31648
2
-15310
1
6368
2
9313
1
-20690
3
10871
3
23790
2
-12734
2
-26791
1
29221
1
-11806
1
-7803
3
3628
2
-15139
1
30427
3
-3343
3
585
2
-11589
1
30088
3
1485
1
-22726
2
-10483
2
-6231
3
-19018
2
17377
2
8355
1
1485
3
31081
1
-7324
3
-10008
1
27811
2
6980
1
-5665
2
142
2
10918
3
-11323
1
18489
2
22136
1
-26575
3
21753
1
-30716
3
18289
3
-10699
3
18295
2
21814
2
-2367
3
-4666
2
-22847
1
-19706
3
19026
3
30068
3
-1580
1
-222
2
2727
2
22901
2
-11810
2
-9953
1
-14005
2
7922
2
7143
2
-21246
3
24851
3
23362
1
24678
2
22373
3
26208
2
-30855
2
21353
3
-24737
3
13507
1
-15800
1
17295
2
-22243
1
25628
3
-6571
2
3099
3
-24257
2
-1357
1
-13593
3
-12805
3
21293
2
-8449
2
-7796
3
14564
1
19924
1
-32754
3
-16446
3
8858
1
17014
2
17325
3
8233
1
24131
2
29672
2
13465
3
-24127
1
-31347
1
-9267
2
-4110
1
-9337
1
27038
1
-29349
3
16760
1
12305
2
4319
3
9762
2
-21842
3
-25937
2
5474
2
3261
2
-3784
3
-24002
1
-31014
3
10080
2
14913
2
1934
2
537
2
-10033
1
14691
0