1
-12078
2
19410
2
27036
1
13241
1
-13568
1
28076
2
31910
1
30262
2
24281
3
22382
1
-20292
3
-11897
1
-17772
1
14683
3
10140
3
11623
3
-7883
1
10044
2
11750
3
13758
3
6488
1
21501
2
-14781
3
-22252
2
3910
2
-29125
1
-30870
1
-13537
3
-24805
3
14891
1
24586
3
5949
2
-24263
2
28172
3
-20248
1
14165
2
32452
1
-22138
2
25933
1
-20671
1
-15073
2
686
3
-23733
3
-18968
3
31072
2
-13259
3
7023
1
-23577
3
-27241
1
1511
3
6284
1
-6338
1
-27988
3
12181
2
5021
2
-29901
3
8392
2
9780
1
12346
1
20485
2
-14758
3
-18670
2
8112
1
-6122
3
-12239
3
-22001
2
-10587
3
-31923
1
31042
2
-13063
1
-20931
2
27983
2
-25967
3
-20281
2
-7887
1
27734
3
-21256
1
-2512
1
-20020
1
22843
3
-24971
3
2148
3
20177
3
15222
1
-8701
0