762
2
-26047
3
-25156
1
13796
3
8522
1
-23142
1
-4324
3
24322
1
-30003
2
-22807
3
-15714
2
-24817
3
-10343
1
-27000
2
-9475
1
-3476
2
14234
3
6941
2
-15378
1
27378
3
-20304
3
22116
1
-25557
2
-10537
1
-7667
2
-6251
2
30389
2
23869
1
-2992
2
25467
2
-18492
2
-14835
3
3464
1
13906
1
-4433
3
23697
2
-14577
2
-13374
2
12539
1
16202
3
14023
1
245
1
-4272
1
8425
3
-2430
2
-11003
3
5151
2
-14280
3
5718
1
-17522
2
28609
1
-5494
1
-20342
1
-24485
2
16854
2
-15261
2
-24747
3
30894
3
-20712
2
10219
1
-15054
3
12226
2
20354
1
16464
2
-16573
2
-29018
1
-13478
3
21741
2
-4318
3
13248
2
-22307
1
7371
2
49
2
-30815
3
22127
3
1139
2
-22857
1
26786
2
6338
3
-28837
2
3410
1
-19202
2
-21390
3
2076
3
25713
3
22985
3
22378
2
292
2
1079
1
-273
1
-435
3
-2984
2
-6282
3
-30287
3
-5439
1
20625
2
-1932
1
-12842
2
-29284
3
-26597
2
-28873
2
-27715
3
-18543
1
16332
2
645
3
28098
3
-23486
3
3910
3
21356
1
3496
1
6681
3
5462
1
-3463
3
16779
2
27640
1
-19093
3
9550
2
-7733
2
-6082
3
-15909
3
14391
1
-15194
3
4052
2
19372
2
13698
2
-8877
3
-7159
1
26598
1
-11994
3
-21234
3
29265
2
7505
3
-13144
3
21398
2
26726
2
-12335
2
15366
1
-14226
2
-18592
3
29553
1
14022
3
29197
3
9680
1
19644
2
-10582
2
-21691
3
-24369
2
556
3
-408
2
-5657
1
-12764
1
17129
2
14230
1
-12047
2
12298
2
24858
1
-3348
2
22670
3
-3043
3
5237
3
-10860
1
12558
3
303
1
30811
3
6509
3
22628
2
10161
2
-9293
2
2256
3
13098
1
10118
3
10879
3
29359
2
27187
2
1003
2
21728
2
-6969
3
1422
1
-6448
3
-21995
2
-13487
1
-11493
3
-7035
3
1935
2
-7126
2
8270
1
4997
3
28349
1
-18801
3
-23792
3
17191
1
13147
1
16536
3
-31898
3
-536
2
23327
3
27466
3
13194
3
-2281
3
-18613
1
-9083
2
-1947
2
-11310
2
14374
3
13915
2
-5044
3
-12958
1
5517
3
26308
2
21917
2
-6819
3
-23063
2
22325
2
-24481
1
-8056
3
2365
3
23201
2
30649
1
29759
3
-32013
1
12764
1
4155
3
-30107
1
-6282
2
13078
3
-28672
2
-15218
3
26126
3
-8404
1
31510
2
11150
3
-29623
2
-1263
3
9300
1
-29482
1
-5091
1
-3166
3
-26999
3
8873
2
21724
2
25668
3
32581
2
-10937
1
-27188
1
22731
1
17135
2
13966
3
29631
2
32043
3
-1240
2
10834
1
-10872
1
-18119
1
-25736
3
1136
2
-31416
2
-14692
2
-12466
2
-8517
2
24341
3
24381
2
-364
2
-21208
3
-8467
1
22637
2
-3611
3
13277
3
-24425
2
12102
1
-4663
3
13628
2
-10844
3
31998
1
11456
1
16146
2
-22275
3
-19829
1
-25837
3
-31596
1
-17675
3
23091
1
14229
2
21569
3
10534
3
4997
3
20252
2
-12728
3
16035
3
-10965
3
28472
1
13886
2
23203
3
-32690
2
225
2
5091
2
-6341
1
-26650
1
-30480
3
8895
2
3243
1
-28783
3
17663
2
-7026
3
-14364
3
13329
1
12798
1
31063
1
-8086
2
28104
3
-31777
2
-24527
3
31187
3
-23203
1
13760
3
29735
2
-24919
3
-16471
1
-4553
3
18948
1
-31591
2
11763
3
29440
3
-31368
3
-8557
2
2652
1
-24359
2
-19912
3
2380
2
278
2
-24436
3
150
3
13642
2
-25711
2
-28904
3
16600
1
18690
2
30641
2
3583
3
14195
2
17415
1
-11461
1
12968
3
-24506
2
29418
3
13771
2
19122
1
-17426
3
12986
3
23918
3
32724
3
2493
2
8404
3
19171
3
-1210
2
18158
1
-3394
3
9359
1
13806
3
-24297
3
13888
2
23720
1
-3657
3
16121
1
78
3
-13087
3
-305
2
-31473
2
2153
2
-22225
1
1299
3
27204
3
-28599
2
3139
1
-4203
3
13669
2
982
2
-10053
3
21232
3
-14681
1
-6900
2
30837
1
-29489
0