2
2662
3
26617
1
14544
1
2295
2
4099
2
-18704
3
28682
3
-15098
1
9650
3
-15102
2
11932
3
8131
2
17561
1
25702
1
13195
2
7091
3
7831
2
-18928
3
-23453
2
29785
1
-8933
2
26910
1
-9069
2
-4696
1
181
2
4524
3
22263
2
9824
1
-31401
1
22609
1
-21633
2
-32669
1
18797
1
-15556
1
1920
2
8650
1
28806
1
13740
1
11840
1
15532
1
-16658
1
-9771
2
18786
1
-21826
2
6211
3
-14793
2
-17849
2
-20279
2
13503
1
-27947
2
19496
3
16925
3
-3902
1
4759
3
17992
1
-19078
2
-16189
3
-442
2
12078
3
10132
2
-6628
3
-12156
2
-2181
1
-5219
2
-22032
2
10933
1
13080
1
-22624
3
-25983
2
-18887
3
-25607
3
32425
1
-21359
1
-26993
3
-4912
3
29805
1
-9901
3
-20938
3
-3287
3
1955
3
-14771
3
-3147
3
25380
1
-20943
2
20103
2
20951
3
31290
1
-11026
3
-35
3
-23742
1
20263
2
13565
1
18469
2
21641
2
-28352
3
17393
1
30390
1
-30128
1
16445
3
-17962
3
-18151
3
-13666
1
1780
1
-17765
3
-31100
2
-22647
1
645
1
-25632
3
-18521
2
25196
2
-17611
1
-11442
2
31541
2
7398
2
6477
1
4952
1
9816
1
-15841
2
17276
2
-18399
3
-30921
1
26186
3
-20548
3
25375
3
23972
2
7718
1
6380
3
9315
1
-27694
1
-13088
2
-11762
2
14067
2
-3690
3
-5325
2
9142
2
6983
2
-32521
3
23389
3
25483
2
-23154
1
-12878
2
-14953
3
-27279
2
-15465
3
-6227
2
5744
2
-30944
3
30757
3
4310
3
10248
1
-2158
3
6331
1
-28183
3
-13991
2
11585
1
-7499
3
-5169
2
-7574
3
26827
3
-14704
2
-32011
3
31086
3
-22557
2
-10348
1
22279
2
23263
2
-12410
1
-19224
1
-28565
1
27195
1
31078
1
-26574
2
11742
2
-5632
3
3519
2
-5796
1
11261
1
-8811
1
31224
3
-11849
3
-29525
2
28572
2
-15946
3
7105
1
-26470
2
24247
2
1105
3
-28094
3
-20622
3
-1763
2
-21176
3
2575
2
20858
2
-25170
3
11696
1
-17803
2
24278
3
-18616
2
29349
3
12193
1
29783
2
-8067
2
-22917
3
25344
3
12939
2
8576
3
-18174
2
12281
2
-29825
1
-9912
3
10202
2
11722
3
-18348
2
-17758
3
-5124
1
10845
2
29829
2
18043
3
-11877
3
-3196
1
-1329
3
840
2
30902
2
21685
3
8677
1
24793
1
10382
2
-26455
1
13669
3
4202
3
-17224
1
-2170
3
-18170
3
-300
1
-23727
2
-31650
2
-28090
1
9315
3
-22942
1
-2154
1
-22504
1
-25768
1
2462
3
-21186
2
1766
1
-17585
1
-3239
3
5688
1
22501
3
32584
2
-11790
1
-4105
2
32293
2
-7281
3
-32650
2
11984
2
3555
1
17037
1
-18831
2
-21904
2
-19473
3
-14341
1
19558
3
-30804
3
-335
3
-20658
2
8767
3
-31595
3
8350
1
16066
2
18549
3
-31688
3
16830
3
26412
2
-7409
1
7612
2
-30031
1
5710
2
-16903
3
-25151
1
10383
3
13812
1
-10523
1
17154
1
9142
2
21201
1
-448
2
20041
2
7886
3
17137
1
-17910
1
364
2
-30496
2
9662
2
354
1
2317
2
-11966
2
-17960
2
27685
2
-14723
2
-17051
1
27670
1
-1452
1
17110
2
-20024
1
-14418
2
-9270
2
29857
3
-3568
2
10147
1
-3053
2
15118
2
-16661
3
20221
2
-28887
3
-11706
2
-18503
1
-7996
3
-9681
1
9870
1
7727
2
-29426
2
31836
3
29982
3
19856
2
8372
2
-22980
2
19078
3
-28110
2
-20879
3
-338
3
-14998
3
8091
1
-12551
3
-2856
1
24744
1
14178
1
-7564
1
-31048
3
-18121
2
-30421
2
19164
3
11770
2
-20543
1
-4901
3
-23080
2
-7352
1
22494
3
-19621
1
22316
2
-16463
3
-14305
2
138
3
-25131
2
26000
2
4262
2
-14835
2
-28962
3
28459
2
-16223
1
-9617
3
-4356
2
15388
2
-19919
1
-8477
1
-17536
1
-19249
1
-22621
1
-27958
3
8253
1
-8181
3
-1520
2
21608
1
-6472
0