802
1
-2365
1
-14981
2
-11435
3
-13063
2
7675
1
24769
3
-6769
1
-14666
3
-11752
2
26956
3
-1583
2
16320
3
28954
1
4409
1
-21771
1
11011
3
-9631
3
19180
3
25726
2
18252
3
-8228
2
-29250
3
-20544
3
-4330
2
-25432
3
14604
1
-22581
1
20897
1
4445
3
-17373
3
29777
1
21692
3
25227
3
-14070
1
13199
1
10543
1
26031
3
23956
2
-20388
1
-30991
1
-11196
1
29725
2
-28639
1
-25949
1
4006
1
-29777
3
28147
2
-11512
2
-27363
2
18928
3
-16114
3
-31095
1
-24401
2
20904
3
-26260
2
-27998
1
-1453
3
13961
2
-24504
3
-3465
1
30167
3
6069
1
19741
2
-9630
3
-2343
3
-12111
1
21124
1
-20046
2
22252
3
1263
2
20383
2
25029
1
-25183
3
6223
3
-187
2
-806
2
844
1
-22005
3
-5110
3
-29315
3
10353
2
-8765
1
13285
3
31891
2
26614
1
24739
3
30771
2
-5976
3
-19088
3
4056
3
-3527
3
18291
1
25016
2
-2590
1
-20214
3
-23390
3
18787
3
30996
2
21244
1
3329
1
-8624
1
-18076
3
-3780
1
27699
1
-26887
1
-4125
1
26388
1
-13398
1
-17199
2
12592
2
-12050
1
-28631
1
-13231
3
-30331
1
15
1
14234
1
-31785
2
-10027
1
12271
1
29983
3
-2107
2
7494
1
17710
2
-19157
3
14020
2
-2471
2
-2151
2
-9183
1
14041
1
23683
2
7234
3
-32178
1
-2515
3
26386
3
223
2
18753
3
-4347
1
11839
3
-51
3
-22503
1
-4940
2
32474
3
-9037
1
-17473
3
15826
1
-25352
3
-2159
1
-3658
1
20457
1
-24524
1
-5694
3
-27052
1
978
2
-27194
3
4826
3
23265
2
-17792
3
-11469
1
-31815
2
1629
1
-28601
1
24814
3
13557
1
-27926
2
-24005
3
9951
1
349
2
29828
3
-12706
3
-31763
1
9035
1
13088
3
10665
3
-8903
3
7246
2
-8595
2
-31048
1
6719
3
6769
1
19246
1
1276
3
26354
1
-10854
1
-22246
1
-9983
3
-11100
3
-11459
3
552
2
21547
2
31216
2
-9886
3
7071
3
-19572
3
-28368
2
-28512
3
28403
1
-31288
2
-8935
1
-23809
3
15746
2
-32131
3
-27942
3
9045
2
-2830
3
10728
3
1948
2
-31981
2
-29512
1
-17268
3
-13542
2
12019
2
-17015
3
14508
1
-22524
1
18559
1
30574
3
-23734
3
27581
2
-24890
3
-1991
3
449
1
2179
1
17110
1
-30202
1
-17721
1
-28639
3
-8763
1
31895
1
227
1
-15429
1
31310
2
-7095
3
-3031
1
-1870
1
-4926
1
-30078
2
-18040
1
6966
1
-11798
2
-21329
2
1524
2
3712
2
2982
1
-9401
3
-9516
1
-12981
2
19962
2
32339
3
19671
1
598
2
1640
3
19475
3
17285
3
-23367
2
19284
1
18886
3
5424
2
-12984
3
15994
2
-9497
3
6428
1
18145
1
20440
1
20265
2
17687
1
23584
1
16707
2
-7370
2
-11714
3
14722
2
16265
1
124
2
8572
2
26215
1
-16105
2
21127
3
25160
3
-7708
3
-14965
3
-23178
1
-11626
2
4767
2
4133
1
-21353
1
-12792
2
-10732
1
-26977
1
-10208
1
-1488
2
32349
2
-21166
1
3699
2
-30314
1
28721
1
22923
3
-13742
1
14401
1
16472
2
13959
2
-20586
2
20911
2
29244
3
-18342
2
-22509
3
4311
3
-4633
1
29005
3
-27285
1
20481
1
32714
1
-9314
2
13554
2
15090
1
-551
2
811
2
-3974
3
19546
2
-18308
2
20145
3
16830
2
-9228
2
17475
1
7840
2
-31723
1
29878
3
8643
3
13760
1
22007
1
7873
3
32070
2
28856
3
2040
2
17520
3
22902
2
20162
1
-18265
2
-979
3
14196
3
-17360
3
27504
1
8883
1
-11826
2
23993
3
31237
3
1809
2
-1213
2
8797
3
25425
2
31342
3
6876
3
-21154
3
2699
1
3703
2
-24959
2
-9857
1
26737
2
-4848
3
29839
3
-18915
3
-10079
1
-16930
1
23882
3
-12800
1
-25423
2
-28379
1
19078
3
-8642
2
6537
3
13570
1
25977
3
27285
3
26028
3
8458
2
24678
3
30020
1
19893
2
11921
1
-23826
2
-5135
1
-27010
3
-22441
1
17016
1
23917
1
29960
2
-7792
3
-2092
3
-24665
1
2888
2
-14454
2
24549
3
-946
2
8795
2
23938
2
-2652
3
23216
2
-6578
1
19498
2
28421
2
-25798
1
-28457
1
-4147
0