3
-10871
3
-16292
1
10351
2
27002
2
-22069
1
20907
2
25002
3
-25874
3
3035
3
-3636
1
-14911
3
-22833
1
8607
2
-13588
1
-23247
1
-13460
1
-24383
3
-12442
2
-32217
1
-12813
3
18003
1
22297
3
8982
3
26544
1
22774
2
-17708
2
2907
1
-20745
3
25109
3
6605
3
23737
3
-22736
3
12635
1
30062
2
27828
1
32587
1
-7122
3
-26345
3
-26082
1
-17962
1
-5435
2
-19769
2
-13982
3
-7984
3
-27258
3
23351
2
26443
3
18431
3
-25119
1
-31827
3
26057
2
3629
2
6878
2
-17531
1
14874
1
22755
1
24673
3
-3756
1
10052
1
-32622
1
-5198
3
4040
1
30156
2
11140
3
-19280
2
20816
2
13524
1
-18883
2
-30670
1
-25110
2
21717
2
-25167
2
1732
1
-26918
1
-3469
1
-24823
1
966
1
6855
3
-3460
1
20536
3
12373
2
-10769
2
-8649
2
7347
1
-25831
3
29289
0