500
2
-13766
2
-18929
1
11401
2
26199
2
-18124
3
15281
3
-22700
3
5928
3
29820
2
-27692
3
3298
1
9881
2
-13400
2
-3882
1
4942
3
-9804
1
29085
3
30447
1
-20439
2
-24327
1
25487
3
-17135
2
-12072
2
12485
3
5086
1
-13774
2
-6561
3
-30377
2
-17320
3
17140
3
-15609
1
2038
1
5087
2
11679
1
4484
2
31142
1
-9742
2
937
1
32543
3
-22475
1
-12229
3
23273
2
-7905
1
-23351
3
-18677
3
9357
3
4681
1
-15095
2
-20248
2
4565
3
-18287
3
28928
2
11641
2
7001
2
-12006
2
-16985
3
23679
1
-16606
3
25255
3
-18592
3
-24077
2
3582
2
-3577
3
-16232
1
27942
2
-25702
3
-10055
3
-24411
3
21526
3
-30553
2
5254
3
14403
2
-30705
1
-25479
1
-19212
1
-23955
3
-30373
1
28355
2
-27744
2
-16020
1
10987
3
-10836
3
-13003
1
-22422
3
-18167
2
17806
3
14975
2
-32024
1
22521
2
26564
1
29171
2
18821
2
-9726
1
19867
2
-8268
3
-27270
3
2178
2
-18404
3
16481
1
-14772
3
-4762
2
25859
2
31564
3
25087
1
15795
3
-9583
3
3482
1
-9071
1
-14012
1
-17368
3
-9906
2
15955
1
27068
3
28861
1
8208
3
20211
3
-12549
3
29544
3
9999
2
14357
3
-21138
2
-7756
2
32529
1
-20399
3
-27350
1
-19141
1
-19093
1
32427
2
11945
3
16157
1
16236
1
-32162
1
1212
2
25123
1
-29925
3
-23552
3
11340
3
6461
3
-16098
2
14430
3
28291
1
31947
2
23304
1
7229
2
32246
2
-2124
2
-17692
2
25667
1
-31545
3
-10937
3
-22149
3
-9500
3
-29450
3
17178
1
-17942
2
10854
3
-5058
3
26626
2
5174
1
-11413
3
26407
1
-13531
1
3982
1
-21542
3
-19546
3
-5496
1
-12931
2
-3563
3
20305
1
1852
2
-11367
3
10262
1
-15255
3
-29506
1
-21906
1
-26616
1
30608
3
4389
1
29815
1
15378
2
-1087
1
-25539
3
-30645
1
29156
3
-13889
1
15299
2
-5772
1
-4162
3
28927
2
31961
1
7548
1
-30375
2
-16193
2
27723
2
-20452
3
10151
2
9545
3
5784
2
-31519
3
-10667
3
-9038
3
29183
3
-22742
1
-21346
1
23977
3
28008
1
10664
2
24359
1
24543
1
5936
3
11482
1
-22002
1
27960
3
7446
2
-27956
1
32734
2
-1230
2
5995
3
13805
2
-15045
3
-2062
1
29320
2
-22769
2
12960
3
-25346
2
23668
2
-2054
3
-15577
2
25608
2
8667
2
-23193
2
17949
1
892
1
23549
2
11895
3
17459
3
8630
1
-16549
2
4070
1
16132
3
14205
3
-26045
2
15989
2
-24009
2
25407
2
-11855
1
24858
1
12984
1
16828
1
2241
0