3
2147
2
2701
3
-31082
2
5184
2
2590
3
15419
3
19533
2
18648
1
-7903
3
31144
1
29307
1
5253
3
31786
3
-7020
2
11134
3
16212
2
-22062
2
26212
2
-32209
2
4975
1
-19814
1
-19827
2
22812
2
-24176
2
-27685
1
-11126
1
-4973
3
20096
1
-5177
1
-16157
1
-18697
3
-31416
1
-22684
3
10191
3
26796
1
-1535
2
32376
2
-5472
3
-7787
1
27718
1
19258
1
26541
1
22550
3
-13564
2
13207
1
-19433
2
-17681
1
-17946
2
-5077
2
12248
1
16093
3
-5905
1
-12670
3
22175
1
-6303
3
-1771
1
-26530
2
14779
3
5600
3
19986
2
-11445
1
22260
3
-23290
2
14110
3
-13824
1
7669
2
-7766
2
-1527
2
-6438
3
16403
3
-23790
2
-2549
2
-21545
3
-18707
2
-64
3
-31656
2
-30486
3
-32499
1
9754
2
-6199
3
-860
2
-12691
2
11996
1
-5629
1
8361
3
10149
1
27071
3
-16835
3
892
1
-11923
2
329
1
-11992
1
10703
2
24964
1
-27851
3
-20576
1
25605
3
-25933
1
18046
2
23945
3
-7643
3
12270
2
-18331
1
-31186
1
2440
2
12064
1
-12964
2
-19072
2
-21900
3
-27149
3
28609
1
-22914
3
-25884
2
29270
2
23011
3
-16094
1
-11454
2
-17875
2
256
2
-23202
2
-27828
2
-14776
2
-3980
3
8259
2
-19
2
19847
2
4030
3
2203
3
-16633
1
6294
2
13964
2
30797
2
1329
2
11321
1
-3520
2
-23800
3
3931
1
25772
3
13162
3
7561
1
7647
1
-24183
3
-31919
2
-30740
3
-21379
1
16901
1
19533
1
25677
3
-9148
3
-23804
2
-12587
2
-21379
2
16830
1
12895
2
-6917
3
27297
1
-26984
3
-11600
3
-20696
1
-1836
2
-23188
3
-3610
3
-19840
3
3517
3
-31607
2
8855
2
-17296
2
-6679
2
26371
3
-26614
1
29468
3
-19993
3
20811
1
-20095
2
5973
3
6213
3
31415
3
-20488
2
-23904
2
-10479
1
-21433
1
10679
2
-20898
3
23456
1
-9158
3
-16278
3
27712
1
-7914
2
-29022
2
28253
2
14431
2
3239
3
-5065
3
3402
1
-16860
1
-8734
2
-19249
1
14342
3
-15066
1
-16803
1
24550
1
-8120
1
-28670
1
-14647
1
-27652
1
182
3
-5089
2
11509
1
22292
3
6267
2
18571
2
9240
2
9826
3
3150
3
12021
3
26146
3
-2749
2
-27513
2
-6502
1
31352
3
-10124
3
-26617
1
22984
3
22541
1
13025
3
-2330
1
29785
3
5386
1
29586
2
16642
2
-29875
3
-4072
1
-27641
1
15366
2
-7203
1
11137
2
-6115
2
14217
1
4804
1
16944
1
-31195
3
5099
3
-2395
1
-7454
1
2341
2
27591
3
-4216
1
-11822
2
32352
3
15702
2
6695
3
2837
3
-4450
2
-11280
1
-16366
2
-6769
2
-17560
2
30980
1
-20749
2
2899
1
-24735
2
-23674
1
-17951
1
-15693
1
-8255
2
-12067
2
6937
3
-19014
1
-5327
2
9196
1
27177
1
25026
3
-21467
3
-10259
1
-6812
3
-27829
1
-25044
3
-2065
3
-9307
2
-31828
1
-18611
3
-32277
2
-16572
3
-12597
1
19910
3
4846
1
19153
2
-9887
2
-8861
1
-11997
3
-10090
3
18650
2
29109
2
-5459
2
14923
3
10012
1
32082
1
21244
2
-6898
3
-2614
1
22118
2
16186
1
86
1
10096
3
-24874
3
11089
3
-23333
1
10360
3
-15470
3
16833
3
-14135
2
12977
3
24268
3
-24016
1
10693
2
-15240
1
12027
3
-27008
3
30023
1
-24493
2
-5112
3
-16702
2
22389
2
12070
2
-4986
2
-6760
3
-16404
1
-21106
3
26717
1
-27701
2
21447
1
9844
1
15174
1
-17644
3
-12422
1
-17064
3
-31986
3
6968
1
21085
1
-17442
2
-23714
1
11385
2
-4996
1
29735
2
8976
3
-20727
3
-25106
2
-5715
3
31314
1
-7059
3
7849
3
-16764
3
5748
1
-26207
3
-28772
2
16704
1
-21802
3
-6798
3
18445
1
-5122
2
-1116
2
32290
3
17780
3
-16638
2
-11756
3
25511
3
21684
2
973
1
-14489
2
-1399
1
11162
2
-28145
2
-30401
3
-20568
2
-11133
1
-31695
3
26836
2
-18317
1
-2600
1
-3292
2
-4910
1
-867
1
-8980
3
-25020
1
-8692
1
-19030
2
-8547
3
15920
1
-14329
2
-27029
1
-3551
1
12026
3
27390
1
10906
3
28130
3
-6193
3
-14383
3
7106
3
-5806
1
8559
1
-1226
3
14967
2
-5416
3
18372
3
683
3
846
1
-15939
1
6832
2
3729
3
30253
2
-8597
3
-25675
3
15066
2
-15406
1
-11964
2
-32083
2
-32415
2
31825
1
-2123
2
15201
3
8002
1
-18270
1
-24657
2
-27938
3
-4356
2
6033
2
11032
2
23300
1
15269
3
-11780
3
14109
3
-18271
2
11737
2
-3931
2
7755
3
-8689
1
-27103
2
-12890
3
-17750
1
7031
3
3041
1
29239
2
-13144
1
-15631
2
-20956
1
-20602
2
18684
2
29185
1
-5159
1
29706
3
13412
2
-5033
3
-30571
1
5369
1
25152
2
21945
1
-29720
3
30592
3
-16343
2
13398
2
1125
3
-20912
3
18105
3
27966
1
20068
2
26429
1
-13646
3
21574
2
-424
2
12321
1
29330
1
-21718
1
-2597
0