3
28339
2
3075
3
-8402
3
7353
3
20088
2
-26992
1
10847
2
29727
3
11365
3
15200
3
1739
3
21642
1
-14405
2
-11389
2
4058
3
1504
1
3947
2
-4217
2
-30543
1
-21797
1
8179
1
-29192
3
32531
2
30561
1
-20931
3
6249
2
-30453
3
-17403
3
32767
3
-24751
1
10267
3
25097
1
-27816
3
7040
3
-14927
2
10835
3
-12510
1
22456
1
29044
2
-4585
3
30822
3
-529
3
-12166
1
26311
3
-9220
3
13498
1
-14263
1
-16347
3
2953
3
-22969
3
9335
3
32257
1
-5272
1
-23541
2
31998
1
-8982
1
-1568
1
-406
1
-12557
1
12223
2
-875
3
-2478
1
-10171
3
-14284
1
-4130
3
-5699
1
8865
3
4117
2
28747
2
-27713
1
29986
2
29971
3
-4571
2
-663
1
-23087
2
14622
3
7460
3
-11575
1
19021
3
7066
1
-14052
3
1652
1
28780
3
5804
3
-31523
1
10652
2
-1054
3
5377
1
-11141
1
-4118
2
3693
3
13761
3
18155
3
-13906
3
-16675
3
27553
1
7823
1
30557
2
25866
3
-11011
2
24105
2
-26120
3
17538
2
-8469
3
32586
3
349
1
-15371
1
13569
2
1222
2
-14678
3
-15019
3
9060
1
-8798
3
7224
2
-11427
2
27837
3
-18057
1
-7914
2
6140
1
-9260
2
-19581
3
-8027
1
-6298
2
-26621
2
6875
1
-13920
2
207
3
-8514
2
-22361
1
-25204
2
21777
3
-7735
3
-31261
2
-755
2
27605
1
10643
3
-8748
3
-15230
2
-6711
3
6487
3
-27668
3
-7372
3
-30962
2
18475
3
-18897
2
-27911
3
-12870
1
-16607
1
-15050
3
29120
1
31023
2
16420
1
-7313
2
-31553
1
9231
3
-8759
2
17455
1
-13781
2
-2787
1
-28003
1
5036
2
-30091
1
10995
3
30467
3
20914
3
-28271
3
7133
1
2800
2
16850
3
7335
1
25605
3
-19789
2
-12895
1
-24259
3
15425
3
17054
2
18972
2
17149
2
3410
2
-15447
3
-23542
1
4400
1
31700
2
9302
1
-8933
3
-28820
1
-24547
2
7596
3
-10239
3
12809
3
973
2
-41
0