652
3
-12960
1
-24382
2
-5996
3
-11972
1
-24534
1
16367
3
4085
2
-4374
2
17503
3
14051
1
-22542
1
18932
2
-10949
1
-31301
2
-7996
2
25921
1
27629
1
-20722
2
-26336
3
-9796
2
29396
3
18226
2
10371
3
23940
1
17114
3
23025
1
12602
1
30229
2
30420
3
-29937
2
-2832
3
-15182
2
-19901
3
-18479
3
18569
2
30252
2
17222
3
-22298
3
21725
2
-18792
2
4360
1
-19481
1
27521
1
-18681
1
26448
3
-19786
3
17993
3
-10648
2
-30681
2
-15587
3
-7526
1
11577
3
-1669
3
-26499
3
-6267
1
-32594
3
-19284
2
6317
3
-17935
3
-15917
1
-23663
3
16881
2
-29379
2
32193
1
9905
1
6540
1
30876
2
-14673
2
12048
2
20801
1
-2585
1
31093
1
13528
2
-5274
3
-31027
1
-20208
2
19052
1
16674
2
21739
1
-28141
2
-30742
1
-20416
3
-3707
3
23862
2
-25342
2
-24284
3
-20198
1
32548
2
23487
3
-6801
2
4238
3
-19153
3
-17958
2
16135
1
6570
3
24972
1
-26609
1
27836
3
25449
2
-1157
2
-27982
2
-753
1
14648
1
22023
1
67
3
-16553
2
-24615
1
26613
3
32660
3
22184
3
8495
1
-6696
3
-3866
2
-23437
2
-8838
3
-23232
1
27452
3
-30841
3
12840
2
24425
1
23198
3
-16475
1
-16262
3
15923
2
2063
3
19640
3
-16452
1
12349
2
-15930
2
14693
2
3351
2
18429
3
-28542
2
19357
3
-19052
1
22544
3
11925
1
32548
2
-571
3
-19893
1
-6529
1
11223
1
-29425
2
31539
3
-28095
1
-10255
2
-25991
3
-23739
3
-26790
3
-16449
1
-19534
3
-5943
1
-32245
2
1071
1
4584
1
17113
1
-31264
1
3122
3
-16578
3
30599
3
-21228
1
23049
1
-11769
2
25552
2
-7920
3
-21930
3
-22507
1
-3192
2
4768
2
2925
3
-31073
3
30562
2
10009
3
-15589
1
20381
2
-18880
1
-8621
1
-6504
2
-29071
2
30397
3
-7608
1
-962
1
9664
3
-17441
3
-25864
2
-9270
1
-14815
1
-22617
2
19985
2
-9647
3
-26454
3
-23409
3
-947
2
11423
1
-16587
3
26413
3
-12367
2
27656
3
20966
2
-20996
2
-23031
3
23790
2
23221
3
-4526
2
748
3
-16932
3
-7159
2
-26056
2
29508
3
13701
3
6026
1
4415
3
-7719
1
-6156
2
-22303
3
-8314
1
-2993
1
21659
3
-13021
3
30197
2
-8109
1
-28877
1
-28533
1
-28955
3
25320
2
-27872
1
14115
3
32661
3
10150
3
-9159
1
526
2
-3540
3
28427
3
-4344
1
-7391
2
-29727
1
29497
1
4752
1
-25410
3
-851
2
-2585
3
7053
1
16138
1
-15332
2
-22558
1
31410
3
-31579
1
19235
3
-866
2
6133
2
7521
3
17365
1
25471
2
12836
2
20809
1
-25607
2
-3624
1
16687
1
26153
2
-3016
2
-7097
2
-21733
3
25676
1
1280
3
16300
3
-21200
1
-27192
2
29638
2
25143
3
26056
3
-28436
1
1529
2
3155
2
28001
3
20921
1
27193
1
3372
2
-6604
2
-20379
1
18646
1
14512
2
14513
1
2198
1
31577
1
4846
3
6467
3
-16469
2
19992
3
46
2
-26732
1
-22302
1
-29368
3
-13640
3
12573
2
32018
2
13298
2
-6601
3
7595
2
24947
3
-9406
2
-24205
3
4209
1
-16924
2
5041
1
26
3
-10136
2
2953
2
24361
1
-5318
2
-4915
3
20962
3
-4400
3
-18840
2
32617
2
-14761
3
25195
3
2192
3
-8250
3
13006
1
-21289
3
14925
3
4659
2
27228
2
23478
1
5188
1
-5395
0